###################################
2022-05-16 23:51:10.807746
Namespace(ndim=2, rows=128, cols=16, alg=4, seed=1, l2_regularization=0.001, epsilon=0.1, delta=0.01, alpha=1e-06, samples=0)
leverage_scores: [15.999999998579998, 15.999999996317712]
num_columns: 256
num_samples: 182
samples: 0 182 [  0   0   1   1   1   4   8  10  10  12  12  12  12  13  14  14  14  14
  15  15  15  15  17  17  19  19  19  20  20  21  22  23  24  26  26  26
  28  28  29  29  30  31  32  33  34  34  35  35  35  35  37  38  38  39
  41  42  44  45  47  47  48  49  49  49  50  50  51  52  52  52  52  52
  54  55  56  57  57  58  58  58  59  59  59  59  63  63  63  64  65  65
  65  65  65  66  66  67  67  68  69  69  69  70  70  71  71  72  73  73
  74  74  74  75  77  77  77  78  79  81  81  81  82  82  83  83  84  84
  84  86  87  88  88  88  90  91  92  93  94  95  96  98  98  98  99  99
  99 100 100 101 102 102 103 104 104 104 105 105 105 105 106 107 107 108
 111 112 112 112 112 114 116 117 118 118 118 119 120 122 122 123 123 125
 126 127]
samples: 1 182 [  2   3   3   4   5   6   6   6   8  11  11  11  13  13  13  14  14  16
  16  16  16  17  19  20  21  21  21  22  22  24  25  25  26  26  26  26
  26  27  28  28  29  29  30  30  31  33  33  37  39  39  39  39  40  40
  41  42  43  43  46  46  49  52  53  54  54  56  56  56  57  57  58  58
  58  60  60  61  61  61  61  62  63  64  65  65  66  67  67  67  67  69
  69  70  70  71  71  72  72  73  73  73  73  74  74  74  75  75  76  76
  77  77  78  79  80  80  81  81  82  82  83  83  85  85  86  86  86  86
  86  86  86  88  89  89  90  91  93  93  95  96  96  98  98  99 100 100
 101 101 101 103 104 104 104 106 106 106 107 108 108 110 110 112 112 113
 114 115 116 116 116 117 118 119 119 119 119 120 120 120 121 123 123 126
 126 127]
sampled_K: (182, 256)
rescaling_coefficients: (182,)
SK: (182, 256)
Sb: (182,)
normal matrix: (256, 256)
x: (256,)
time: 0.07241095500000005
loss: 0.0024227782249037406
