###################################
2022-05-16 23:49:21.350247
Namespace(ndim=2, rows=16384, cols=4, alg=4, seed=0, l2_regularization=0.001, epsilon=0.1, delta=0.01, alpha=1e-05, samples=0)
leverage_scores: [4.000000006365173, 3.9999999984172177]
num_columns: 16
num_samples: 79
samples: 0 79 [   95   170   214   279  1039  1040  1092  1326  1537  1590  1595  1622
  1631  1700  2127  2915  2949  3011  3093  5277  5362  5498  5501  5743
  5845  5976  6405  6477  6691  7071  7508  7769  8405  8480  8499  8695
  9246  9267  9395  9539  9806  9821  9907  9978 10398 10710 10773 11020
 11081 11164 11285 11559 11949 11977 12054 12055 12454 12929 13002 13213
 13342 13841 13884 13997 14080 14141 14238 14606 14661 14667 14792 14874
 15073 15103 15480 15741 15844 15881 15887]
samples: 1 79 [   10   279   282   554  1321  1325  1386  1585  1935  2016  2181  2431
  2541  2661  3083  3112  3667  3710  4132  4272  4391  4805  5325  5530
  5651  5764  5783  5794  6002  6334  6838  7183  7219  7390  7527  7616
  7824  7967  8236  8405  8657  9394  9600 10001 10112 10150 10282 10290
 10307 10510 10632 10766 10953 10965 11062 11189 11366 11513 11538 11569
 11705 12316 12757 12864 12919 12970 13012 13216 13257 13305 13429 13550
 13746 14618 14635 14862 15261 15491 15966]
sampled_K: (79, 16)
rescaling_coefficients: (79,)
SK: (79, 16)
Sb: (79,)
normal matrix: (16, 16)
x: (16,)
time: 0.07198240499999997
loss: 153.2062901126763
