###################################
2022-05-16 23:49:32.382645
Namespace(ndim=2, rows=16384, cols=4, alg=4, seed=2, l2_regularization=0.001, epsilon=0.1, delta=0.01, alpha=1e-05, samples=0)
leverage_scores: [3.999999993726034, 4.000000001264222]
num_columns: 16
num_samples: 79
samples: 0 79 [   18   802   816   844  1260  1314  1448  1717  2068  2505  2830  2909
  3112  3564  4048  4123  4129  5225  5626  5807  5998  6260  6323  6487
  6583  7057  7305  7361  7523  7669  8070  8120  8233  8274  8613  8815
  9029  9047  9222  9512  9578  9852  9926 10671 10811 10951 11163 11183
 11324 11378 11555 11570 12044 12237 12400 12424 12691 13036 13102 13132
 13213 13262 13528 13722 13800 13814 14485 14677 14846 15087 15095 15176
 15277 15311 15604 15862 15908 15925 16339]
samples: 1 79 [   25   230   276   281   333   448   488   627   678   871  1131  1343
  1414  1469  1487  1827  1859  2093  2133  2448  2473  2644  2804  2899
  3737  3771  3910  4353  4494  5399  5544  5615  5894  5900  6154  6708
  6766  6867  7040  7095  7869  7965  8046  8535  8843  8972  9617  9822
  9866  9965  9978 10694 11134 11173 11316 11336 11364 11668 11928 12071
 12699 12940 13151 13246 13258 13476 13995 13999 14501 14604 14689 14872
 14877 15338 15431 15482 15998 16119 16237]
sampled_K: (79, 16)
rescaling_coefficients: (79,)
SK: (79, 16)
Sb: (79,)
normal matrix: (16, 16)
x: (16,)
time: 0.07896938799999997
loss: 151.0112261507658
