###################################
2022-05-16 23:50:24.378814
Namespace(ndim=2, rows=8192, cols=8, alg=4, seed=0, l2_regularization=0.001, epsilon=0.1, delta=0.01, alpha=1e-05, samples=0)
leverage_scores: [8.000000001582, 8.000000005898245]
num_columns: 64
num_samples: 388
samples: 0 388 [   3    4   35   47   47   58   60   82   85  102  137  148  150  176
  207  209  262  290  299  354  355  373  412  433  442  450  514  515
  541  582  613  619  628  656  662  680  682  710  764  787  790  792
  799  806  808  809  819  845  854  856  878  921  953  975 1013 1022
 1050 1057 1111 1116 1133 1148 1149 1206 1229 1279 1284 1327 1338 1344
 1345 1353 1360 1363 1381 1399 1446 1463 1464 1477 1490 1496 1508 1534
 1545 1548 1551 1559 1567 1627 1664 1824 1845 1867 1868 1948 1981 2053
 2078 2080 2107 2150 2163 2178 2215 2280 2291 2328 2427 2428 2431 2436
 2446 2480 2509 2547 2579 2620 2634 2634 2654 2654 2657 2660 2663 2681
 2688 2691 2691 2732 2733 2746 2796 2846 2852 2853 2860 2905 2907 2916
 2921 2967 3033 3084 3107 3119 3139 3179 3185 3194 3197 3199 3216 3248
 3274 3324 3339 3389 3398 3415 3435 3442 3465 3466 3469 3519 3530 3546
 3605 3610 3634 3666 3678 3712 3720 3720 3737 3783 3788 3797 3814 3831
 3869 3933 4007 4007 4052 4054 4120 4136 4147 4148 4187 4219 4223 4227
 4232 4295 4334 4334 4383 4408 4438 4478 4489 4574 4611 4617 4619 4649
 4668 4682 4684 4696 4702 4710 4725 4725 4758 4767 4792 4814 4892 4899
 4920 4932 4938 4952 4971 4977 4989 5028 5050 5073 5104 5142 5149 5159
 5173 5186 5224 5239 5264 5286 5333 5339 5344 5357 5373 5396 5411 5438
 5453 5459 5491 5492 5499 5499 5529 5541 5551 5554 5563 5572 5602 5605
 5634 5634 5656 5679 5682 5694 5756 5765 5768 5779 5843 5942 5967 5967
 5980 5982 6017 6017 6061 6123 6146 6150 6203 6214 6231 6235 6270 6286
 6343 6356 6363 6413 6434 6450 6454 6460 6482 6491 6549 6578 6592 6598
 6600 6624 6634 6661 6669 6680 6717 6721 6738 6769 6779 6838 6849 6854
 6854 6912 6932 6955 6975 6977 6987 6988 7026 7029 7050 7059 7063 7092
 7110 7177 7193 7195 7233 7275 7285 7293 7295 7297 7322 7324 7329 7354
 7391 7402 7432 7442 7449 7474 7530 7531 7534 7544 7546 7599 7674 7691
 7691 7709 7720 7734 7734 7775 7795 7799 7841 7842 7844 7871 7924 7942
 7944 7976 7980 8002 8027 8068 8111 8137 8170 8171]
samples: 1 388 [   8   18   64   82   86  190  262  262  332  340  349  350  372  389
  412  420  464  482  530  569  600  625  639  641  645  659  690  699
  699  701  717  718  720  725  730  730  793  830  849  869  888  903
  904  908  925  929  937  944  974 1003 1040 1052 1062 1098 1132 1151
 1190 1210 1212 1248 1255 1274 1276 1300 1306 1307 1319 1346 1372 1381
 1420 1422 1463 1467 1479 1479 1522 1528 1552 1562 1579 1579 1597 1606
 1624 1632 1633 1642 1644 1667 1755 1761 1775 1823 1871 1875 1882 1896
 1922 1941 1949 1967 1976 2024 2026 2117 2117 2120 2140 2143 2184 2186
 2242 2254 2293 2330 2352 2354 2377 2434 2537 2638 2687 2693 2714 2716
 2732 2777 2817 2849 2850 2869 2874 2896 2910 2922 2923 2929 2930 2967
 2988 2991 3025 3075 3127 3127 3132 3139 3175 3176 3226 3257 3293 3342
 3344 3350 3362 3376 3377 3380 3401 3437 3457 3481 3504 3504 3507 3549
 3568 3621 3646 3675 3683 3686 3707 3715 3730 3734 3746 3787 3793 3807
 3820 3825 3885 3905 3931 3939 3943 4037 4041 4058 4087 4101 4132 4134
 4142 4178 4189 4217 4258 4301 4312 4317 4319 4325 4344 4366 4424 4525
 4527 4549 4556 4569 4597 4680 4733 4765 4780 4805 4813 4851 4887 4901
 4923 4948 4958 4961 5030 5045 5050 5062 5066 5076 5093 5099 5109 5119
 5125 5131 5144 5157 5230 5267 5273 5319 5366 5395 5433 5469 5501 5536
 5559 5561 5599 5603 5631 5634 5639 5639 5682 5689 5690 5692 5809 5854
 5880 5885 5886 5906 5945 6029 6061 6132 6138 6144 6147 6161 6208 6209
 6214 6216 6260 6267 6270 6286 6293 6329 6365 6382 6384 6389 6406 6424
 6425 6452 6466 6498 6501 6513 6563 6567 6597 6614 6618 6717 6725 6743
 6744 6745 6779 6806 6810 6838 6838 6856 6879 6894 6902 6921 6943 6944
 6996 7003 7004 7004 7032 7045 7163 7167 7170 7179 7194 7203 7223 7223
 7224 7225 7280 7286 7287 7347 7351 7379 7453 7454 7462 7490 7501 7503
 7523 7531 7544 7563 7581 7582 7582 7619 7621 7643 7685 7706 7710 7715
 7726 7729 7747 7754 7775 7790 7805 7821 7837 7879 7884 7934 7966 7972
 8003 8020 8024 8030 8037 8051 8104 8131 8137 8147]
sampled_K: (388, 64)
rescaling_coefficients: (388,)
SK: (388, 64)
Sb: (388,)
normal matrix: (64, 64)
x: (64,)
time: 0.040401163999999934
loss: 17.6642299390136
