###################################
2022-05-16 23:51:55.762753
Namespace(ndim=2, rows=8192, cols=16, alg=4, seed=2, l2_regularization=0.001, epsilon=0.1, delta=0.01, alpha=1e-06, samples=0)
leverage_scores: [16.00000000003347, 15.999999987859667]
num_columns: 256
num_samples: 182
samples: 0 182 [ 152  169  183  213  274  325  349  388  404  408  523  583  599  721
  753  759  805  807  838  843  932  957 1019 1079 1211 1232 1238 1271
 1303 1342 1344 1357 1385 1415 1425 1445 1446 1485 1495 1558 1658 1759
 1885 1896 1923 1970 2021 2137 2170 2225 2226 2262 2318 2364 2404 2449
 2453 2518 2546 2571 2579 2609 2635 2717 2739 2783 2795 2809 2815 2829
 2839 2883 2946 2948 2979 3000 3014 3020 3031 3049 3105 3230 3237 3240
 3375 3519 3542 3593 3617 3624 3699 3701 3766 3804 3866 3945 4094 4127
 4139 4301 4317 4324 4392 4404 4476 4486 4508 4547 4581 4602 4642 4644
 4666 4784 4797 4834 4839 4853 4871 4926 4931 5018 5074 5159 5201 5216
 5253 5377 5391 5485 5501 5555 5581 5705 5927 5971 5977 5991 5997 6009
 6071 6111 6141 6221 6357 6382 6444 6492 6511 6535 6572 6592 6594 6683
 6832 6850 6886 6887 6922 6944 7045 7096 7098 7132 7165 7192 7255 7258
 7494 7568 7603 7662 7682 7769 7773 7777 7780 7808 7811 7842 7934 8139]
samples: 1 182 [  86   88  209  337  379  419  489  521  532  591  596  603  705  757
  771  820  937  973 1075 1145 1205 1251 1256 1296 1323 1380 1448 1453
 1455 1472 1518 1538 1578 1591 1629 1683 1688 1717 1742 1748 1823 1848
 1855 1860 1910 1911 1935 1943 1949 2084 2107 2135 2214 2230 2291 2349
 2445 2447 2450 2510 2534 2591 2658 2688 2690 2877 2913 2928 2942 2990
 3072 3112 3169 3311 3321 3355 3394 3492 3527 3563 3625 3735 3795 3795
 3815 3853 3880 3951 4124 4185 4207 4233 4242 4249 4255 4261 4279 4321
 4333 4437 4515 4676 4705 4791 4844 4920 4992 5027 5027 5035 5053 5127
 5128 5162 5193 5270 5280 5313 5345 5357 5371 5438 5454 5486 5612 5615
 5622 5636 5659 5685 5690 5690 5806 5830 5869 5928 5965 5998 6005 6029
 6111 6156 6162 6187 6189 6202 6278 6360 6364 6386 6422 6450 6598 6691
 6715 6980 7081 7088 7135 7242 7249 7291 7329 7342 7384 7484 7498 7609
 7613 7633 7646 7646 7700 7710 7846 7868 7952 7956 7982 8024 8063 8065]
sampled_K: (182, 256)
rescaling_coefficients: (182,)
SK: (182, 256)
Sb: (182,)
normal matrix: (256, 256)
x: (256,)
time: 0.12168627499999984
loss: 16.738046609807444
