###################################
2022-05-16 23:49:56.637740
Namespace(ndim=2, rows=256, cols=8, alg=4, seed=2, l2_regularization=0.001, epsilon=0.1, delta=0.01, alpha=1e-05, samples=0)
leverage_scores: [7.99999999943119, 8.000000003689236]
num_columns: 64
num_samples: 388
samples: 0 388 [  0   0   0   1   1   1   2   2   6   8   8   9   9   9   9   9  10  10
  11  11  11  11  13  13  13  13  14  15  17  17  19  20  21  21  21  21
  21  21  21  21  21  21  21  21  21  21  22  22  24  24  24  26  26  27
  27  27  28  28  30  30  30  31  31  32  34  35  35  35  35  35  36  36
  37  37  38  38  38  40  40  41  42  43  43  43  44  44  45  46  47  47
  47  48  48  48  48  49  49  50  50  51  54  55  55  55  58  58  58  59
  59  60  60  60  61  61  61  62  62  63  63  63  65  65  65  67  67  67
  67  68  68  69  69  70  71  71  75  75  75  76  76  77  80  80  80  80
  80  83  83  83  83  83  84  84  86  87  87  88  89  91  92  93  94  94
  94  96  98 102 103 103 103 103 103 104 104 104 106 106 109 109 109 109
 109 111 113 113 113 114 114 117 118 118 119 119 119 121 121 123 123 124
 127 128 129 129 130 131 132 132 133 134 134 135 135 135 136 136 138 139
 140 140 142 144 146 146 147 147 149 149 149 149 152 152 153 154 154 155
 156 157 157 158 158 160 161 161 161 161 163 164 164 164 164 167 167 168
 169 170 170 170 171 171 172 172 173 173 174 175 175 175 175 175 175 176
 176 176 178 178 179 179 180 180 180 183 183 183 183 183 184 186 186 188
 189 190 191 192 192 192 193 193 194 194 194 195 196 196 196 196 197 198
 198 200 201 201 202 202 203 204 204 205 205 206 207 209 210 210 210 210
 212 212 213 214 215 215 215 216 217 220 221 223 223 224 224 225 225 227
 228 229 229 230 231 231 232 233 233 233 234 235 235 238 238 238 238 238
 239 239 239 240 240 240 241 241 242 242 243 243 243 244 245 245 246 246
 246 246 246 246 248 250 250 251 251 253]
samples: 1 388 [  0   1   1   1   2   3   3   3   3   3   5   6   6   7   7   8   9  10
  11  11  11  12  13  14  14  15  16  16  18  18  18  19  20  20  21  22
  22  23  23  24  24  24  26  27  27  27  29  30  30  31  32  35  35  35
  35  36  36  38  38  38  38  38  38  38  38  39  39  39  41  41  43  43
  44  44  44  44  45  46  46  47  47  48  50  50  50  51  52  53  53  53
  55  55  55  57  58  59  62  62  62  63  64  64  66  69  69  69  70  71
  71  72  72  72  73  73  75  76  76  76  77  77  77  77  78  78  79  79
  79  81  81  82  83  84  84  84  84  85  85  86  86  86  86  87  87  88
  89  90  91  92  92  93  93  94  96  97  98  99  99  99 101 103 104 104
 105 106 107 107 108 108 110 111 111 112 113 113 113 113 114 114 115 115
 115 115 116 116 116 116 118 119 119 119 120 120 123 123 124 126 126 126
 126 126 127 127 127 127 127 128 129 130 131 133 134 136 136 136 140 140
 140 142 142 143 143 143 143 143 143 144 145 145 145 146 147 147 148 148
 149 150 150 150 151 151 151 152 152 152 152 153 154 155 156 156 157 159
 159 159 160 163 163 163 164 165 166 166 166 168 168 169 171 171 173 175
 178 178 179 179 179 180 180 180 181 182 182 183 183 183 183 183 184 185
 185 185 187 188 188 188 188 189 190 191 192 193 194 194 194 195 195 197
 197 197 200 200 200 200 200 200 201 201 202 204 205 205 205 206 206 209
 209 209 210 210 210 211 212 213 213 213 213 214 215 217 219 219 219 220
 220 220 221 222 222 222 223 223 223 224 226 227 228 229 229 230 232 233
 233 236 236 236 237 239 240 241 241 242 243 243 243 245 245 246 246 246
 247 249 251 251 251 252 252 253 255 255]
sampled_K: (388, 64)
rescaling_coefficients: (388,)
SK: (388, 64)
Sb: (388,)
normal matrix: (64, 64)
x: (64,)
time: 0.005084209999999922
loss: 0.016379805942875678
