###################################
2022-05-16 23:51:42.898423
Namespace(ndim=2, rows=4096, cols=16, alg=4, seed=1, l2_regularization=0.001, epsilon=0.1, delta=0.01, alpha=1e-06, samples=0)
leverage_scores: [15.999999996306496, 15.99999999782254]
num_columns: 256
num_samples: 182
samples: 0 182 [  52   53   58   73   82  118  173  203  258  323  331  354  388  422
  432  491  512  544  581  584  585  597  610  666  670  680  684  710
  747  753  754  761  798  834  857  866  904  932  970  992  998 1003
 1006 1025 1026 1044 1064 1111 1129 1159 1168 1200 1230 1247 1248 1248
 1254 1254 1263 1267 1271 1287 1297 1331 1353 1388 1405 1434 1569 1594
 1598 1603 1608 1705 1734 1772 1786 1799 1829 1832 1834 1846 1900 1907
 1928 1932 1932 1947 1957 1977 1994 1994 2001 2001 2049 2063 2090 2092
 2107 2134 2136 2140 2152 2165 2192 2195 2207 2231 2257 2282 2283 2299
 2346 2425 2428 2431 2434 2474 2480 2481 2508 2572 2686 2692 2703 2722
 2759 2766 2810 2834 2856 2859 2918 2932 2956 2958 2978 2987 2993 3008
 3010 3026 3043 3064 3087 3088 3157 3162 3169 3170 3174 3177 3188 3195
 3203 3209 3261 3282 3300 3397 3491 3520 3578 3701 3715 3754 3798 3812
 3829 3845 3875 3927 3962 3975 3991 4007 4017 4027 4048 4062 4066 4076]
samples: 1 182 [  41   73  160  174  197  239  244  254  285  375  417  424  435  468
  490  518  535  546  550  577  583  655  664  677  725  736  744  755
  758  848  876  890  954 1010 1033 1047 1076 1082 1095 1103 1136 1177
 1266 1313 1371 1378 1422 1441 1490 1510 1548 1555 1574 1601 1611 1619
 1630 1632 1644 1654 1708 1761 1773 1785 1794 1803 1819 1849 1859 1883
 1895 1928 1945 1965 1969 1987 1987 2052 2078 2078 2095 2103 2163 2187
 2211 2211 2214 2218 2218 2279 2297 2319 2320 2334 2377 2416 2460 2508
 2509 2522 2530 2561 2585 2608 2661 2730 2772 2772 2776 2778 2781 2782
 2806 2821 2835 2866 2870 2886 2896 2955 2972 2977 3008 3017 3120 3121
 3137 3150 3171 3196 3210 3212 3227 3242 3250 3252 3290 3314 3319 3334
 3353 3361 3448 3500 3514 3528 3581 3593 3594 3620 3630 3637 3680 3686
 3718 3730 3771 3786 3794 3808 3810 3831 3842 3861 3872 3891 3908 3917
 3919 3937 3976 3983 3994 4003 4008 4018 4027 4034 4058 4074 4085 4087]
sampled_K: (182, 256)
rescaling_coefficients: (182,)
SK: (182, 256)
Sb: (182,)
normal matrix: (256, 256)
x: (256,)
time: 0.09824544400000002
loss: 3.0347293966499214
