###################################
2022-05-16 23:58:53.095875
Namespace(ndim=2, rows=8192, cols=32, alg=4, seed=2, l2_regularization=0.001, epsilon=0.1, delta=0.01, alpha=1e-06, samples=0)
leverage_scores: [31.999999999466613, 31.99999998155446]
num_columns: 1024
num_samples: 841
samples: 0 841 [  11   13   17   25   29   38   70   70   70   86  105  111  114  131
  154  165  169  193  223  233  240  259  288  305  309  315  320  332
  349  356  371  372  375  385  394  398  411  432  448  454  457  469
  473  487  495  514  517  554  584  587  599  604  606  638  639  646
  648  673  673  685  688  708  714  725  725  728  729  743  746  748
  762  763  764  782  787  788  831  860  880  884  890  894  899  900
  924  928  933  943  976  982  985  995 1007 1007 1009 1009 1015 1026
 1037 1041 1044 1046 1048 1066 1068 1070 1073 1073 1078 1081 1082 1083
 1097 1098 1101 1111 1118 1119 1123 1138 1145 1157 1159 1160 1167 1170
 1231 1234 1255 1258 1260 1262 1284 1291 1302 1303 1313 1331 1346 1367
 1372 1380 1388 1392 1405 1412 1414 1427 1433 1443 1459 1469 1489 1498
 1499 1501 1524 1529 1530 1531 1544 1547 1575 1579 1584 1603 1618 1628
 1650 1654 1671 1672 1672 1674 1692 1695 1697 1710 1723 1753 1758 1766
 1774 1778 1788 1789 1792 1792 1801 1812 1822 1837 1848 1848 1855 1875
 1886 1892 1896 1908 1912 1914 1924 1926 1926 1928 1930 1939 1943 1963
 1978 1981 1982 1992 2015 2026 2045 2049 2053 2060 2099 2101 2113 2115
 2124 2130 2140 2141 2147 2149 2151 2153 2163 2169 2171 2173 2178 2191
 2196 2211 2222 2252 2268 2278 2287 2289 2307 2325 2344 2345 2348 2366
 2372 2378 2381 2403 2407 2425 2429 2433 2440 2446 2446 2451 2459 2468
 2469 2471 2547 2557 2558 2563 2570 2593 2673 2676 2682 2683 2686 2696
 2706 2706 2712 2721 2749 2758 2762 2781 2789 2790 2790 2790 2800 2810
 2813 2816 2829 2852 2860 2871 2873 2883 2897 2908 2909 2917 2951 2951
 2966 2979 2999 3002 3029 3033 3039 3051 3053 3054 3066 3086 3090 3096
 3127 3140 3157 3157 3159 3161 3168 3170 3174 3177 3191 3191 3204 3230
 3242 3246 3270 3285 3288 3315 3336 3345 3357 3364 3393 3400 3401 3405
 3431 3438 3439 3441 3442 3451 3456 3459 3495 3524 3540 3588 3596 3607
 3627 3629 3639 3645 3657 3680 3686 3704 3707 3714 3717 3745 3761 3765
 3784 3785 3797 3803 3805 3827 3828 3828 3848 3854 3854 3867 3868 3877
 3898 3902 3917 3922 3929 3952 3965 3997 4001 4003 4008 4020 4028 4035
 4046 4053 4055 4072 4073 4082 4097 4101 4107 4116 4120 4130 4137 4139
 4149 4156 4166 4174 4178 4198 4204 4206 4219 4232 4256 4267 4279 4280
 4280 4280 4300 4302 4307 4314 4322 4337 4349 4354 4355 4388 4388 4398
 4407 4413 4417 4434 4453 4458 4459 4480 4485 4490 4506 4513 4536 4547
 4551 4556 4585 4604 4611 4614 4614 4627 4633 4646 4658 4718 4751 4756
 4789 4792 4796 4812 4823 4831 4838 4847 4855 4874 4885 4889 4911 4912
 4914 4921 4929 4937 4945 4955 4966 4971 5002 5004 5016 5023 5050 5078
 5092 5093 5116 5117 5121 5126 5153 5158 5164 5177 5182 5183 5204 5207
 5220 5243 5249 5250 5252 5271 5291 5292 5301 5309 5317 5320 5328 5330
 5334 5338 5357 5362 5364 5382 5413 5416 5422 5424 5424 5430 5471 5476
 5477 5492 5520 5520 5545 5547 5556 5573 5576 5587 5590 5597 5599 5610
 5611 5616 5641 5647 5658 5658 5692 5697 5701 5714 5725 5729 5734 5739
 5752 5760 5764 5764 5770 5781 5790 5806 5808 5808 5835 5835 5840 5857
 5867 5907 5907 5917 5917 5919 5929 5931 5938 5942 5964 5987 5989 6003
 6008 6011 6022 6036 6039 6040 6048 6070 6074 6088 6089 6090 6113 6123
 6124 6140 6147 6153 6160 6185 6195 6204 6225 6226 6231 6245 6249 6254
 6257 6271 6291 6294 6326 6347 6349 6354 6356 6358 6360 6362 6367 6375
 6380 6415 6423 6438 6439 6440 6446 6447 6448 6452 6461 6464 6481 6484
 6498 6499 6506 6507 6530 6532 6540 6545 6562 6568 6571 6582 6585 6589
 6595 6606 6618 6623 6634 6658 6661 6680 6685 6723 6733 6746 6783 6792
 6803 6814 6823 6831 6831 6833 6834 6880 6880 6894 6894 6909 6912 6915
 6920 6921 6931 6936 6953 6974 6975 6975 7005 7017 7022 7041 7044 7047
 7060 7079 7099 7101 7106 7130 7133 7144 7144 7156 7160 7178 7179 7182
 7189 7189 7195 7213 7214 7221 7245 7251 7252 7255 7264 7271 7284 7289
 7295 7300 7305 7306 7321 7324 7330 7335 7336 7345 7355 7363 7364 7374
 7390 7395 7403 7420 7430 7446 7450 7468 7469 7478 7487 7506 7526 7527
 7543 7548 7554 7586 7594 7596 7601 7624 7634 7640 7640 7646 7656 7666
 7666 7670 7682 7689 7714 7716 7721 7734 7735 7754 7759 7766 7767 7772
 7777 7804 7818 7830 7837 7840 7841 7844 7846 7849 7860 7874 7881 7893
 7895 7895 7913 7933 7935 7946 7950 7953 7956 7966 7995 7999 8003 8024
 8029 8038 8042 8046 8051 8080 8097 8105 8131 8140 8161 8171 8173 8176
 8183]
samples: 1 841 [   7   21   38   41   42   43   53   65   65   69   80   81   82   99
  106  119  132  137  150  152  156  157  158  186  196  209  222  247
  290  325  336  336  359  371  374  395  396  398  402  423  440  441
  442  451  458  463  490  497  508  509  530  534  557  563  566  575
  583  585  605  610  611  626  633  641  644  648  659  684  705  719
  723  723  733  741  755  759  762  763  769  792  801  807  812  815
  842  849  855  857  858  863  884  885  937  952  958  976  980  982
  996 1010 1013 1052 1056 1064 1072 1108 1143 1177 1180 1186 1192 1210
 1211 1211 1255 1278 1300 1301 1304 1309 1311 1315 1334 1340 1343 1347
 1356 1365 1385 1395 1404 1410 1425 1431 1461 1487 1492 1492 1498 1499
 1532 1535 1535 1541 1549 1553 1560 1582 1605 1612 1612 1631 1631 1638
 1668 1693 1694 1707 1733 1756 1758 1783 1784 1785 1793 1799 1810 1817
 1832 1834 1845 1845 1850 1853 1859 1865 1868 1869 1871 1895 1903 1913
 1922 1941 1944 1950 1958 1968 1975 1977 1983 1989 1989 1991 2004 2035
 2043 2048 2065 2072 2076 2099 2106 2113 2115 2124 2145 2160 2172 2178
 2203 2227 2238 2261 2270 2284 2286 2288 2292 2295 2315 2318 2322 2323
 2325 2325 2328 2360 2366 2388 2417 2439 2450 2508 2519 2534 2543 2550
 2568 2571 2574 2587 2604 2609 2613 2613 2625 2627 2657 2660 2684 2712
 2730 2737 2741 2764 2771 2793 2797 2810 2813 2825 2850 2869 2882 2895
 2895 2896 2911 2922 2928 2930 2939 2950 2967 2989 2997 2997 2998 3006
 3013 3023 3029 3029 3046 3056 3060 3078 3083 3099 3106 3113 3115 3120
 3162 3170 3171 3177 3181 3182 3226 3231 3231 3238 3259 3260 3269 3277
 3278 3300 3302 3304 3307 3311 3325 3341 3352 3353 3373 3394 3401 3421
 3442 3456 3478 3494 3497 3512 3513 3517 3542 3562 3588 3605 3607 3607
 3608 3622 3642 3650 3657 3659 3659 3672 3681 3685 3698 3740 3762 3765
 3778 3785 3789 3790 3792 3800 3811 3899 3910 3911 3915 3921 3925 3933
 3944 3945 3947 3948 3955 3959 3963 3973 3974 3978 3978 3980 3987 3995
 3997 3999 4000 4000 4015 4016 4016 4030 4045 4056 4065 4091 4091 4099
 4101 4123 4129 4130 4147 4156 4167 4187 4201 4219 4251 4274 4284 4285
 4291 4299 4308 4312 4321 4338 4344 4351 4351 4367 4369 4379 4380 4390
 4407 4411 4412 4420 4433 4475 4477 4501 4504 4504 4508 4513 4514 4516
 4525 4537 4546 4553 4554 4572 4577 4581 4587 4597 4612 4625 4635 4637
 4642 4648 4660 4661 4670 4670 4678 4681 4702 4706 4707 4711 4715 4720
 4748 4749 4753 4767 4772 4773 4774 4795 4796 4803 4859 4872 4880 4883
 4885 4887 4906 4906 4912 4912 4923 4928 4932 4946 4947 4948 4949 4954
 4975 4991 4996 4998 5003 5010 5024 5044 5046 5050 5062 5064 5068 5094
 5098 5101 5116 5122 5159 5193 5198 5210 5214 5219 5226 5235 5238 5241
 5243 5243 5244 5270 5281 5284 5284 5291 5291 5322 5335 5357 5360 5363
 5373 5388 5393 5434 5436 5447 5456 5468 5479 5482 5485 5488 5488 5495
 5497 5516 5525 5541 5543 5552 5554 5558 5566 5571 5574 5603 5605 5615
 5619 5630 5641 5645 5647 5648 5649 5660 5664 5667 5669 5673 5705 5706
 5719 5749 5784 5800 5807 5809 5814 5816 5823 5833 5844 5847 5849 5856
 5862 5865 5867 5872 5879 5888 5890 5896 5899 5903 5909 5909 5916 5929
 5929 5937 5951 5953 5968 5974 5984 5984 5984 5986 6015 6021 6033 6046
 6054 6056 6057 6075 6080 6081 6082 6090 6104 6114 6184 6197 6203 6209
 6231 6262 6268 6275 6276 6288 6307 6314 6341 6345 6351 6353 6353 6357
 6373 6377 6378 6383 6402 6446 6449 6469 6476 6506 6524 6530 6532 6534
 6546 6552 6558 6567 6570 6582 6585 6607 6611 6622 6642 6646 6647 6649
 6659 6665 6668 6688 6690 6693 6702 6703 6709 6718 6724 6724 6743 6756
 6765 6768 6771 6773 6784 6795 6806 6814 6833 6841 6857 6859 6880 6888
 6892 6892 6906 6919 6930 6931 6953 6953 6958 6958 6962 6995 6996 7020
 7029 7040 7041 7057 7066 7087 7095 7099 7100 7105 7116 7128 7134 7142
 7142 7152 7157 7214 7215 7216 7225 7233 7237 7239 7244 7263 7268 7277
 7281 7291 7298 7328 7367 7378 7391 7391 7392 7405 7422 7436 7458 7465
 7466 7490 7500 7508 7515 7526 7585 7599 7603 7605 7607 7612 7621 7629
 7645 7647 7653 7682 7692 7709 7732 7732 7735 7736 7740 7744 7748 7749
 7749 7755 7756 7775 7776 7784 7790 7790 7798 7801 7809 7815 7822 7827
 7833 7834 7839 7871 7873 7908 7920 7921 7938 7943 7948 7949 7975 7989
 7996 8000 8002 8019 8036 8038 8042 8059 8064 8084 8093 8094 8095 8096
 8102 8109 8117 8122 8125 8147 8153 8156 8160 8172 8172 8175 8176 8182
 8185]
sampled_K: (841, 1024)
rescaling_coefficients: (841,)
SK: (841, 1024)
Sb: (841,)
normal matrix: (1024, 1024)
x: (1024,)
time: 6.21104253
loss: 296.50352107485827
