###################################
2022-05-16 23:49:54.454148
Namespace(ndim=2, rows=256, cols=8, alg=4, seed=0, l2_regularization=0.001, epsilon=0.1, delta=0.01, alpha=1e-05, samples=0)
leverage_scores: [8.000000001523553, 7.999999999061956]
num_columns: 64
num_samples: 388
samples: 0 388 [  0   0   0   0   0   2   2   3   3   3   3   3   5   5   6  10  11  12
  12  12  12  13  14  14  15  18  19  20  20  22  23  23  23  26  27  27
  27  27  28  29  33  33  33  33  35  36  36  36  37  37  40  41  41  41
  41  42  42  42  42  44  44  45  46  46  47  47  47  49  49  50  52  52
  52  53  53  53  58  59  59  59  60  60  60  60  61  61  63  63  64  64
  64  65  65  66  66  66  66  66  66  68  69  69  69  70  71  72  73  75
  76  76  77  78  79  79  81  82  82  84  85  85  86  86  89  91  91  91
  91  92  93  93  94  94  95  97  97  97  97  99 100 101 101 102 103 103
 104 104 104 105 105 106 106 108 110 111 112 112 112 112 113 113 113 113
 113 114 114 115 115 115 115 115 115 116 116 116 117 117 117 118 120 121
 121 124 124 125 127 127 127 128 128 128 128 129 131 131 131 132 135 135
 136 136 137 139 142 146 147 148 149 149 149 149 149 150 150 152 154 154
 154 155 156 156 156 157 157 157 157 158 158 158 158 159 159 159 160 160
 161 161 161 163 167 167 168 168 169 169 170 170 171 171 172 173 174 175
 175 175 176 176 177 177 177 179 180 180 180 180 182 182 182 182 182 185
 185 186 186 186 186 187 187 188 189 189 190 192 192 192 192 193 194 194
 194 195 198 198 199 199 199 199 199 200 201 201 201 202 202 202 202 202
 204 205 206 206 207 208 209 210 210 210 211 212 213 214 215 215 216 216
 217 217 217 218 218 218 218 219 220 220 220 221 222 223 223 224 224 224
 225 225 225 226 226 227 227 227 228 228 230 230 230 231 234 234 234 234
 235 235 236 236 237 238 238 238 239 239 240 242 243 243 244 244 245 245
 245 245 246 247 248 249 249 251 252 252]
samples: 1 388 [  0   0   1   1   1   1   1   1   2   2   5   5   5   5   5   6   6   6
   7   8   8   8   9  11  11  12  12  12  13  13  13  14  14  14  15  15
  15  16  17  19  19  21  21  22  22  23  23  23  23  24  25  25  26  26
  27  27  28  30  30  31  31  32  32  32  34  36  36  36  37  38  39  40
  40  41  41  44  45  46  47  48  50  52  52  53  53  53  53  54  55  55
  56  56  57  57  57  57  58  58  61  61  62  62  62  64  65  66  66  66
  66  67  67  67  69  69  69  69  69  70  70  71  73  73  74  74  74  76
  76  77  77  77  80  80  80  80  85  85  88  88  89  93  93  94  94  94
  94  95  96  97  97  98  98  98  98  99  99  99 100 101 102 104 104 104
 104 104 104 106 106 108 110 111 111 112 113 115 115 117 117 119 120 121
 122 122 122 123 123 124 124 124 124 126 128 128 129 129 129 129 129 129
 129 129 130 133 133 133 134 134 134 136 136 136 137 140 140 142 142 143
 143 144 145 145 148 149 150 150 150 151 152 153 153 153 155 155 155 156
 156 156 157 158 159 159 160 160 160 160 161 162 164 166 166 167 169 169
 172 172 173 173 174 175 175 176 176 177 178 179 179 179 180 180 181 182
 183 184 187 187 189 189 191 191 191 194 194 194 195 195 196 196 196 196
 198 198 200 201 201 201 201 201 203 203 203 203 203 205 205 205 205 205
 206 206 208 208 208 208 209 209 210 211 211 211 211 211 212 213 214 216
 216 216 216 217 217 217 217 221 221 221 222 222 222 222 222 223 224 224
 225 225 225 225 225 225 226 227 227 228 229 230 231 232 234 235 235 235
 235 238 241 241 241 241 241 242 242 242 243 244 244 245 245 245 247 248
 249 252 253 253 253 254 254 254 255 255]
sampled_K: (388, 64)
rescaling_coefficients: (388,)
SK: (388, 64)
Sb: (388,)
normal matrix: (64, 64)
x: (64,)
time: 0.005075821000000147
loss: 0.01610816273333778
