###################################
2022-05-16 23:50:17.005876
Namespace(ndim=2, rows=4096, cols=8, alg=4, seed=0, l2_regularization=0.001, epsilon=0.1, delta=0.01, alpha=1e-05, samples=0)
leverage_scores: [7.999999996557506, 8.000000001768685]
num_columns: 64
num_samples: 388
samples: 0 388 [   3   14   31   33   46   63   65   69   71   77  101  110  111  112
  113  113  117  128  169  171  172  177  196  215  222  230  233  268
  281  286  289  305  323  339  346  347  357  358  378  380  385  390
  396  404  408  415  423  430  431  435  469  489  491  501  528  535
  545  561  565  566  606  623  626  626  636  642  645  654  708  718
  734  738  753  760  770  775  785  788  799  842  846  853  854  861
  875  887  902  912  914  935  938  946  947  947  967  971  993 1019
 1023 1026 1026 1041 1053 1059 1072 1075 1080 1092 1102 1121 1124 1126
 1133 1149 1164 1168 1185 1189 1209 1214 1215 1216 1223 1223 1226 1243
 1259 1259 1260 1260 1263 1267 1270 1311 1317 1323 1327 1360 1387 1392
 1410 1424 1430 1435 1441 1455 1461 1467 1487 1510 1511 1514 1563 1565
 1573 1602 1608 1642 1680 1688 1710 1710 1712 1735 1744 1758 1758 1758
 1789 1790 1802 1810 1839 1842 1858 1865 1877 1886 1890 1911 1919 1931
 1940 1941 1943 1967 1974 1976 1983 1989 2030 2033 2045 2060 2060 2062
 2062 2080 2092 2098 2105 2114 2129 2133 2139 2153 2155 2166 2178 2199
 2209 2213 2277 2278 2296 2298 2305 2309 2311 2311 2328 2334 2339 2346
 2365 2382 2396 2410 2412 2421 2433 2452 2455 2461 2470 2473 2480 2480
 2500 2518 2520 2529 2538 2551 2560 2560 2564 2573 2577 2580 2612 2618
 2619 2631 2660 2705 2720 2721 2744 2765 2770 2770 2786 2787 2793 2818
 2833 2850 2875 2884 2894 2900 2917 2928 2933 2937 2940 2950 2961 2983
 2988 2993 2997 3002 3021 3048 3049 3062 3063 3070 3072 3089 3098 3128
 3130 3141 3146 3149 3165 3185 3188 3196 3199 3203 3209 3211 3249 3255
 3258 3262 3269 3279 3284 3291 3296 3310 3317 3319 3330 3335 3346 3346
 3356 3360 3360 3389 3390 3406 3407 3420 3421 3426 3434 3447 3455 3462
 3473 3481 3512 3519 3531 3542 3549 3560 3572 3588 3596 3607 3613 3613
 3627 3634 3647 3660 3693 3695 3724 3740 3755 3755 3755 3798 3800 3805
 3809 3824 3833 3834 3847 3855 3859 3861 3863 3932 3957 3959 3973 4015
 4020 4025 4026 4037 4054 4068 4074 4076 4087 4089]
samples: 1 388 [  20   27   40   71   72   73   81   97  108  117  124  139  149  151
  161  171  185  190  201  214  229  230  240  243  252  261  295  301
  306  317  319  330  341  346  355  356  369  381  383  408  411  412
  418  430  440  445  448  486  497  499  524  531  538  553  563  599
  602  622  636  639  668  674  683  690  695  697  702  706  719  722
  740  757  763  770  781  785  788  789  793  810  811  814  841  882
  924  954  984  995 1000 1001 1004 1005 1016 1041 1057 1063 1065 1067
 1077 1091 1116 1126 1126 1134 1144 1205 1213 1219 1237 1255 1255 1257
 1277 1282 1283 1289 1320 1336 1337 1355 1369 1377 1381 1389 1400 1402
 1413 1435 1439 1450 1457 1463 1465 1465 1469 1479 1487 1488 1494 1510
 1511 1514 1522 1574 1609 1613 1616 1623 1631 1637 1638 1638 1644 1652
 1658 1675 1687 1701 1702 1702 1710 1711 1719 1719 1722 1742 1760 1762
 1773 1776 1780 1788 1798 1806 1810 1819 1834 1843 1864 1882 1894 1895
 1912 1914 1917 1921 1923 1926 1962 1971 1984 1999 2008 2041 2042 2043
 2053 2056 2072 2097 2114 2124 2128 2132 2148 2190 2194 2215 2217 2237
 2255 2259 2274 2284 2295 2296 2312 2315 2324 2335 2361 2363 2367 2380
 2420 2421 2425 2433 2437 2438 2445 2446 2469 2478 2509 2510 2516 2520
 2525 2550 2555 2562 2573 2581 2602 2604 2620 2645 2656 2665 2678 2681
 2699 2701 2726 2738 2753 2757 2777 2813 2824 2830 2835 2837 2843 2855
 2857 2858 2863 2868 2881 2893 2902 2906 2910 2925 2933 2940 2947 2963
 2974 2980 2998 3017 3018 3023 3032 3038 3040 3053 3056 3059 3074 3076
 3087 3115 3119 3157 3164 3173 3184 3185 3188 3195 3196 3203 3213 3252
 3264 3271 3276 3279 3301 3302 3340 3342 3344 3361 3362 3365 3366 3374
 3374 3375 3378 3378 3379 3390 3392 3414 3416 3422 3445 3468 3499 3504
 3507 3511 3516 3535 3549 3563 3564 3568 3584 3600 3601 3607 3608 3617
 3624 3638 3639 3641 3665 3683 3714 3721 3772 3778 3785 3788 3830 3831
 3843 3871 3893 3895 3913 3957 3964 3985 3987 3998 3998 3999 4015 4021
 4039 4054 4056 4057 4058 4059 4074 4080 4084 4093]
sampled_K: (388, 64)
rescaling_coefficients: (388,)
SK: (388, 64)
Sb: (388,)
normal matrix: (64, 64)
x: (64,)
time: 0.02363249100000009
loss: 4.4740684371666815
