###################################
2022-05-16 23:51:12.049276
Namespace(ndim=2, rows=128, cols=16, alg=4, seed=2, l2_regularization=0.001, epsilon=0.1, delta=0.01, alpha=1e-06, samples=0)
leverage_scores: [15.9999999985737, 15.99999999834999]
num_columns: 256
num_samples: 182
samples: 0 182 [  0   0   0   0   1   4   4   5   5   5   5   5   6   6   6   7   9  10
  10  10  10  10  10  10  11  11  12  12  13  14  15  15  16  16  17  17
  17  17  17  18  18  18  20  20  21  22  23  24  24  24  24  25  25  27
  27  27  28  28  30  30  30  31  32  32  33  36  37  39  39  40  40  41
  41  43  43  44  45  46  47  47  50  53  53  53  54  55  55  55  58  59
  59  60  60  61  63  66  66  67  67  71  72  73  74  74  74  74  76  76
  77  77  78  79  79  80  81  82  82  84  85  86  86  86  86  86  87  87
  87  87  87  87  88  88  89  89  90  92  92  92  93  95  96  97  97  98
  98  98  98  99 100 102 102 103 106 107 107 107 110 111 112 112 112 113
 115 115 117 117 118 118 119 119 120 120 120 121 121 122 122 122 123 123
 125 125]
samples: 1 182 [  0   1   4   4   5   6   6   7   7   7   8   9  10  11  12  12  12  12
  12  12  12  13  14  15  15  15  17  17  19  19  19  22  22  22  22  23
  24  24  24  25  25  26  28  29  30  31  31  31  33  33  33  35  35  36
  36  37  38  39  39  39  40  41  41  41  42  43  44  44  44  48  49  50
  53  53  54  54  54  54  54  55  56  57  57  58  58  59  61  63  63  63
  64  65  66  67  68  68  68  69  69  70  70  71  71  73  73  75  75  77
  77  77  79  79  79  81  82  83  85  86  86  87  88  89  90  91  91  91
  93  93  95  95  97  97  97 100 100 100 101 101 101 102 102 104 104 104
 105 106 106 107 107 107 107 107 109 110 111 111 113 114 115 116 116 117
 117 118 118 119 120 120 121 121 121 122 124 124 125 125 125 125 126 126
 126 126]
sampled_K: (182, 256)
rescaling_coefficients: (182,)
SK: (182, 256)
Sb: (182,)
normal matrix: (256, 256)
x: (256,)
time: 0.075098581
loss: 0.00243330513219825
