###################################
2022-05-16 23:48:58.512548
Namespace(ndim=2, rows=2048, cols=4, alg=4, seed=1, l2_regularization=0.001, epsilon=0.1, delta=0.01, alpha=1e-05, samples=0)
leverage_scores: [4.000000002596854, 4.00000000035934]
num_columns: 16
num_samples: 79
samples: 0 79 [  37  136  191  277  281  326  343  359  379  392  419  426  427  431
  437  480  509  541  559  564  565  617  669  671  696  707  709  744
  751  762  831  843  847  916  976 1008 1050 1082 1098 1101 1120 1121
 1129 1147 1185 1226 1230 1232 1238 1249 1261 1267 1285 1371 1375 1400
 1437 1480 1597 1605 1613 1632 1651 1702 1705 1744 1746 1783 1812 1826
 1832 1842 1843 1878 1933 1948 2014 2016 2029]
samples: 1 79 [  16   44   99  105  141  156  171  173  174  241  263  303  305  333
  364  365  395  406  466  539  619  651  719  750  781  791  843  853
  863  884  925  925  927  976  984 1055 1056 1067 1069 1097 1140 1154
 1163 1166 1170 1178 1185 1199 1207 1222 1243 1249 1261 1269 1303 1358
 1363 1366 1385 1432 1449 1481 1537 1603 1671 1674 1679 1712 1764 1765
 1781 1806 1815 1899 1942 1951 1963 1975 1992]
sampled_K: (79, 16)
rescaling_coefficients: (79,)
SK: (79, 16)
Sb: (79,)
normal matrix: (16, 16)
x: (16,)
time: 0.014017465000000007
loss: 2.1914577817652336
