###################################
2022-05-16 23:48:48.475841
Namespace(ndim=2, rows=512, cols=4, alg=4, seed=2, l2_regularization=0.001, epsilon=0.1, delta=0.01, alpha=1e-05, samples=0)
leverage_scores: [4.000000004252746, 3.9999999981688017]
num_columns: 16
num_samples: 79
samples: 0 79 [  0   2  16  19  21  25  33  42  42  42  48  56  60  63  70  71  75  76
  80  96  97 100 108 109 131 131 149 158 162 164 172 172 180 201 215 223
 223 235 238 243 261 266 296 300 302 304 311 320 323 333 336 337 338 347
 349 349 350 358 368 373 380 385 395 410 410 411 424 428 443 446 449 451
 465 468 470 478 488 489 497]
samples: 1 79 [  3   4  22  22  24  26  26  28  46  46  47  48  50  52  56  64  74  76
  76  76  87  93  99 100 100 103 113 116 118 127 127 149 162 169 170 176
 187 193 194 227 230 243 246 246 254 263 272 287 290 295 299 299 306 312
 327 334 348 354 355 361 363 376 395 396 400 400 400 401 438 442 451 466
 471 483 484 493 495 503 506]
sampled_K: (79, 16)
rescaling_coefficients: (79,)
SK: (79, 16)
Sb: (79,)
normal matrix: (16, 16)
x: (16,)
time: 0.003633258000000028
loss: 0.14366339068158704
