###################################
2022-05-16 23:51:16.991229
Namespace(ndim=2, rows=256, cols=16, alg=4, seed=1, l2_regularization=0.001, epsilon=0.1, delta=0.01, alpha=1e-06, samples=0)
leverage_scores: [16.00000000323362, 15.999999999953005]
num_columns: 256
num_samples: 182
samples: 0 182 [  0   0   1   4   4   7   8   8  10  10  10  13  14  15  19  19  26  27
  27  31  32  34  35  35  35  35  40  40  40  42  45  46  51  52  52  55
  56  57  60  64  64  65  65  67  67  67  70  70  70  73  74  74  78  79
  79  81  81  84  84  86  87  88  89  91  91  92  93  93  93  93  94  96
  97  98  98  99  99 102 105 106 108 112 114 114 114 115 116 116 117 117
 117 117 118 119 123 128 129 129 131 134 134 135 136 138 139 140 143 143
 145 145 151 155 155 158 161 164 167 167 170 174 174 176 176 176 176 180
 180 182 184 186 186 187 187 188 188 189 191 192 195 195 195 202 203 204
 205 207 209 213 215 218 218 218 218 219 220 221 222 222 222 225 228 228
 229 231 231 234 235 236 236 237 239 241 241 243 244 245 246 247 248 250
 252 255]
samples: 1 182 [  0   1   1   2   4   4   5   6   7   8  12  13  13  15  18  20  23  23
  24  24  25  29  32  36  36  36  37  37  42  42  44  47  49  50  50  50
  52  52  54  54  56  61  62  62  62  64  64  65  67  67  69  70  71  72
  72  74  75  79  80  80  85  86  88  90  90  92  93  93  96  97  97  99
 107 111 111 112 112 114 114 114 115 115 115 116 121 126 127 128 131 132
 132 133 134 135 136 137 138 139 139 139 143 144 145 146 146 148 148 150
 150 151 152 153 153 153 156 156 158 159 160 162 162 164 166 166 170 171
 173 175 176 176 177 178 179 181 181 182 183 185 188 188 189 193 196 199
 200 204 204 204 204 204 207 208 212 213 213 214 215 216 219 220 221 221
 221 222 223 225 230 231 236 237 237 238 238 239 239 239 240 245 245 249
 252 255]
sampled_K: (182, 256)
rescaling_coefficients: (182,)
SK: (182, 256)
Sb: (182,)
normal matrix: (256, 256)
x: (256,)
time: 0.07982120299999984
loss: 0.009411735704450284
