###################################
2022-05-16 23:25:28.724860
Namespace(ndim=2, rows=16384, cols=32, alg=4, seed=0, l2_regularization=0.001, epsilon=0.1, delta=0.01, alpha=1e-06, samples=0)
leverage_scores: [31.99999998665801, 32.000000003684946]
num_columns: 1024
num_samples: 841
samples: 0 841 [    6     8    10    11    29    31    32   120   126   139   155   156
   157   177   198   222   235   252   265   305   306   360   373   380
   399   435   443   462   478   485   489   492   499   515   560   594
   618   681   689   728   733   740   744   749   758   775   820   847
   873   883   913   926   998  1046  1065  1103  1112  1122  1176  1191
  1204  1233  1237  1248  1261  1276  1360  1373  1381  1388  1407  1417
  1434  1452  1456  1503  1507  1550  1600  1607  1678  1683  1713  1744
  1768  1773  1787  1790  1802  1803  1828  1849  1866  1889  1932  1933
  1955  1975  1987  2000  2000  2018  2031  2041  2047  2076  2078  2093
  2093  2098  2132  2176  2187  2202  2233  2257  2312  2334  2384  2397
  2397  2405  2414  2439  2442  2443  2464  2529  2549  2562  2577  2600
  2610  2610  2628  2657  2690  2744  2860  2874  2886  2901  2906  2918
  2936  2947  2949  2976  2978  2991  3003  3007  3019  3030  3051  3059
  3070  3096  3122  3162  3170  3221  3229  3247  3255  3261  3300  3345
  3354  3396  3429  3451  3475  3516  3525  3529  3540  3549  3593  3611
  3626  3640  3642  3665  3666  3677  3690  3720  3816  3830  3843  3913
  3917  3924  3960  3966  4016  4058  4059  4081  4083  4086  4107  4200
  4253  4304  4409  4410  4463  4479  4493  4499  4525  4554  4574  4590
  4649  4651  4714  4716  4716  4745  4748  4765  4781  4801  4833  4861
  4912  4943  4965  4989  5005  5007  5087  5100  5118  5133  5149  5162
  5188  5208  5241  5257  5268  5281  5289  5299  5305  5308  5341  5345
  5351  5360  5390  5394  5395  5401  5404  5420  5432  5432  5452  5468
  5481  5493  5494  5498  5515  5515  5520  5555  5603  5623  5670  5672
  5701  5716  5725  5735  5757  5781  5841  5855  5860  5924  5933  5940
  5954  5978  6019  6076  6096  6131  6219  6242  6276  6281  6284  6301
  6363  6369  6381  6386  6458  6468  6471  6471  6501  6533  6561  6574
  6600  6621  6692  6721  6728  6733  6761  6767  6767  6820  6866  6895
  6909  6911  6913  6919  6983  6997  7008  7024  7032  7081  7099  7106
  7113  7135  7160  7163  7170  7187  7199  7222  7267  7299  7348  7359
  7415  7441  7457  7465  7484  7496  7496  7512  7540  7557  7558  7577
  7585  7606  7615  7617  7655  7670  7671  7692  7703  7718  7722  7741
  7743  7754  7756  7760  7798  7808  7822  7823  7844  7865  7869  7877
  7881  7883  7892  7899  7941  7963  7992  8029  8041  8042  8043  8056
  8109  8151  8180  8199  8204  8234  8256  8280  8283  8296  8296  8309
  8318  8319  8357  8379  8383  8397  8410  8425  8429  8437  8518  8526
  8538  8555  8562  8592  8595  8616  8632  8641  8643  8644  8649  8653
  8660  8682  8701  8746  8753  8758  8766  8786  8804  8810  8825  8864
  8865  8913  8929  8941  8942  8958  8979  8996  9004  9010  9034  9037
  9042  9043  9074  9088  9102  9102  9133  9146  9150  9162  9191  9238
  9253  9254  9341  9376  9386  9422  9447  9447  9480  9498  9516  9530
  9567  9573  9574  9577  9585  9585  9639  9747  9761  9814  9816  9817
  9850  9877  9884  9885  9907  9935  9963 10019 10052 10064 10097 10103
 10140 10150 10184 10192 10210 10221 10233 10278 10302 10312 10379 10382
 10383 10394 10456 10463 10463 10510 10512 10537 10552 10569 10574 10575
 10601 10623 10673 10711 10759 10768 10802 10808 10845 10885 10919 10936
 10969 10995 11026 11069 11082 11102 11131 11138 11174 11210 11213 11227
 11230 11231 11237 11251 11252 11258 11292 11320 11320 11323 11340 11344
 11410 11421 11439 11439 11459 11473 11492 11510 11541 11582 11620 11622
 11662 11748 11774 11802 11809 11829 11839 11858 11861 11867 11871 11889
 11910 11919 11941 11981 11981 11996 11998 12033 12055 12062 12075 12078
 12113 12118 12121 12160 12182 12183 12211 12229 12237 12259 12283 12288
 12293 12355 12360 12362 12415 12424 12461 12461 12471 12541 12544 12553
 12619 12621 12642 12655 12672 12716 12736 12766 12770 12771 12778 12843
 12853 12902 12914 12962 12979 12991 12998 13004 13013 13019 13026 13038
 13054 13058 13066 13076 13092 13114 13201 13231 13231 13247 13257 13258
 13260 13263 13267 13305 13320 13339 13377 13396 13401 13422 13493 13513
 13515 13526 13531 13607 13646 13682 13687 13706 13706 13708 13733 13734
 13737 13769 13806 13807 13860 13891 13896 13918 13928 13949 14004 14026
 14035 14051 14052 14090 14105 14109 14145 14146 14159 14166 14203 14211
 14232 14253 14262 14286 14315 14327 14347 14358 14378 14397 14398 14399
 14418 14422 14423 14426 14463 14491 14526 14529 14535 14563 14569 14579
 14605 14609 14634 14647 14649 14671 14755 14780 14831 14831 14837 14870
 14874 14882 14914 14930 14931 14948 14951 14963 14967 14999 15006 15030
 15039 15041 15044 15055 15078 15080 15114 15133 15140 15143 15165 15166
 15168 15187 15200 15207 15207 15212 15262 15286 15292 15293 15309 15356
 15388 15392 15394 15417 15417 15429 15441 15458 15473 15483 15522 15525
 15546 15559 15569 15589 15602 15610 15610 15629 15681 15728 15735 15745
 15758 15766 15775 15856 15870 15910 15925 15935 15937 15940 15957 15965
 15969 16003 16020 16047 16070 16095 16125 16148 16226 16226 16229 16241
 16255 16272 16284 16287 16291 16292 16301 16321 16351 16355 16374 16381
 16383]
samples: 1 841 [    3    16    31    37    59    68    94   106   176   177   178   187
   196   202   203   206   246   261   283   287   295   302   317   327
   352   390   396   436   442   447   486   488   490   515   559   569
   593   596   615   728   734   743   752   756   764   773   779   786
   801   805   846   854   857   877   898   917   920   950   978   985
   989   995  1009  1131  1135  1155  1170  1198  1215  1220  1226  1238
  1240  1255  1259  1264  1294  1297  1308  1316  1340  1342  1366  1369
  1371  1403  1422  1446  1515  1517  1550  1552  1600  1612  1613  1667
  1672  1707  1721  1742  1802  1808  1832  1833  1838  1845  1866  1937
  1954  2003  2028  2059  2079  2105  2135  2142  2160  2162  2221  2239
  2249  2253  2260  2262  2280  2325  2328  2348  2392  2427  2458  2462
  2471  2474  2487  2502  2573  2592  2596  2619  2643  2658  2668  2704
  2707  2725  2730  2737  2740  2741  2756  2787  2795  2819  2911  2911
  2965  3002  3053  3079  3099  3124  3144  3167  3174  3215  3222  3228
  3237  3257  3276  3286  3291  3347  3390  3400  3407  3432  3484  3503
  3521  3537  3543  3549  3567  3583  3585  3586  3598  3603  3632  3634
  3645  3662  3663  3676  3677  3693  3710  3736  3756  3788  3797  3802
  3849  3867  3871  3880  3885  3911  3917  3942  3959  3962  3988  3990
  4020  4057  4077  4077  4084  4098  4128  4150  4160  4166  4220  4258
  4310  4321  4386  4409  4429  4431  4431  4462  4473  4477  4494  4505
  4542  4568  4570  4587  4610  4613  4626  4660  4678  4678  4695  4727
  4766  4795  4819  4830  4843  4843  4853  4888  5031  5035  5046  5062
  5074  5078  5104  5156  5156  5181  5204  5236  5261  5324  5355  5360
  5384  5454  5460  5499  5502  5550  5576  5579  5633  5646  5649  5657
  5679  5693  5697  5704  5742  5840  5876  5944  5974  5983  5986  6007
  6022  6056  6062  6088  6091  6118  6127  6138  6157  6160  6180  6204
  6234  6241  6244  6255  6312  6314  6327  6353  6371  6372  6386  6472
  6552  6552  6555  6557  6569  6575  6587  6626  6677  6731  6805  6826
  6827  6860  6878  6905  6927  6934  6975  6975  6987  6994  7024  7026
  7045  7094  7099  7107  7158  7164  7188  7202  7211  7211  7212  7218
  7243  7269  7279  7300  7300  7310  7320  7348  7369  7401  7491  7516
  7533  7544  7545  7568  7569  7580  7600  7613  7639  7643  7657  7681
  7706  7716  7718  7734  7746  7750  7783  7800  7803  7804  7810  7863
  7927  7930  7941  7958  7977  7978  7994  8010  8021  8062  8068  8080
  8114  8117  8118  8123  8141  8149  8162  8175  8190  8205  8261  8266
  8268  8295  8306  8333  8348  8364  8388  8396  8396  8400  8400  8435
  8506  8548  8557  8571  8625  8644  8656  8675  8683  8685  8687  8689
  8702  8703  8713  8738  8788  8819  8827  8853  8860  8871  8919  8928
  8950  8979  8982  8989  8995  9041  9142  9199  9212  9215  9248  9253
  9277  9279  9306  9317  9356  9367  9370  9423  9441  9504  9550  9559
  9596  9633  9652  9662  9662  9747  9755  9788  9825  9835  9848  9853
  9862  9881  9897  9902  9906  9926  9928  9963  9977  9986  9999 10006
 10059 10154 10178 10186 10243 10279 10331 10366 10377 10391 10399 10408
 10409 10433 10434 10439 10468 10506 10517 10528 10530 10539 10559 10614
 10620 10624 10634 10644 10657 10695 10700 10736 10764 10773 10777 10803
 10876 10877 10882 10904 10904 10916 10942 10975 10979 10988 11021 11035
 11066 11078 11079 11091 11102 11120 11150 11164 11175 11235 11236 11241
 11242 11277 11299 11312 11317 11325 11328 11330 11342 11358 11371 11378
 11401 11405 11437 11467 11491 11520 11537 11539 11556 11587 11616 11622
 11652 11656 11720 11720 11728 11739 11747 11756 11775 11793 11794 11795
 11802 11805 11836 11840 11855 11909 11930 11954 11956 11957 11975 11977
 11979 12005 12016 12060 12067 12081 12104 12121 12141 12144 12160 12170
 12180 12196 12240 12245 12247 12253 12268 12268 12290 12300 12353 12386
 12465 12476 12504 12515 12524 12542 12551 12563 12579 12599 12615 12616
 12637 12696 12709 12711 12731 12735 12744 12753 12779 12825 12847 12848
 12850 12868 12884 12906 12985 13033 13036 13047 13074 13082 13092 13104
 13128 13151 13156 13182 13203 13286 13300 13312 13378 13382 13392 13414
 13416 13429 13437 13438 13466 13488 13499 13507 13510 13543 13557 13577
 13629 13635 13652 13693 13708 13712 13718 13735 13738 13738 13765 13802
 13834 13890 13913 13932 13940 13949 13953 13964 13970 14001 14007 14019
 14059 14062 14109 14114 14133 14149 14150 14150 14171 14179 14234 14236
 14241 14243 14244 14256 14302 14330 14348 14393 14397 14402 14414 14440
 14469 14495 14515 14524 14524 14529 14542 14553 14562 14570 14597 14597
 14677 14693 14740 14747 14803 14837 14873 14889 14922 14946 15001 15034
 15047 15115 15118 15118 15135 15139 15151 15203 15213 15220 15301 15308
 15324 15341 15342 15349 15357 15374 15432 15457 15459 15477 15492 15529
 15536 15574 15585 15594 15605 15656 15675 15676 15676 15693 15763 15765
 15767 15773 15780 15799 15811 15818 15863 15875 15876 15912 15920 15928
 15937 15967 15985 16012 16081 16083 16091 16116 16119 16130 16167 16174
 16195 16227 16240 16272 16278 16298 16301 16312 16335 16335 16341 16373
 16380]
sampled_K: (841, 1024)
rescaling_coefficients: (841,)
SK: (841, 1024)
Sb: (841,)
normal matrix: (1024, 1024)
x: (1024,)
time: 6.3228143779999995
loss: 116.773661700084
