###################################
2022-05-16 23:51:52.611496
Namespace(ndim=2, rows=8192, cols=16, alg=4, seed=1, l2_regularization=0.001, epsilon=0.1, delta=0.01, alpha=1e-06, samples=0)
leverage_scores: [16.000000005711254, 16.000000005374712]
num_columns: 256
num_samples: 182
samples: 0 182 [  12   40   45   73  152  200  231  241  246  262  331  346  354  357
  369  417  428  462  584  615  661  729  746  772  790  852  905 1142
 1154 1257 1283 1296 1321 1328 1337 1348 1385 1404 1616 1650 1762 1778
 1782 1846 1850 1943 2004 2031 2031 2100 2152 2184 2350 2456 2524 2668
 2681 2716 2721 2744 2775 2778 2910 2981 3101 3135 3222 3328 3349 3381
 3409 3419 3615 3663 3722 3722 3882 3927 4009 4032 4131 4149 4162 4199
 4342 4384 4414 4436 4443 4521 4574 4613 4636 4660 4685 4702 4755 4759
 4786 4883 5025 5057 5184 5271 5331 5418 5438 5543 5565 5692 5827 5834
 5859 5910 5910 5924 5995 6019 6095 6175 6292 6315 6317 6402 6463 6541
 6567 6599 6681 6709 6712 6773 6788 6797 6810 6871 6877 6914 6918 6972
 6988 7081 7085 7087 7121 7132 7174 7181 7307 7341 7344 7433 7480 7517
 7518 7522 7537 7618 7619 7626 7656 7672 7677 7681 7708 7713 7725 7743
 7842 7856 7941 8029 8038 8061 8067 8101 8118 8129 8149 8180 8183 8186]
samples: 1 182 [  50  211  248  319  328  331  339  368  403  450  541  594  688  689
  701  838  878  921  963  990 1002 1025 1060 1075 1077 1087 1183 1199
 1211 1239 1252 1261 1275 1308 1338 1497 1506 1507 1531 1548 1554 1715
 1749 1824 1826 1834 1860 1909 1996 2097 2155 2212 2301 2340 2396 2465
 2544 2617 2685 2707 2723 2770 2776 2795 2866 2893 2986 2995 3023 3040
 3075 3076 3094 3110 3117 3205 3239 3258 3300 3351 3387 3387 3560 3628
 3634 3659 3668 3679 3685 3747 3828 3928 3937 3956 3964 4004 4093 4117
 4147 4156 4204 4263 4270 4276 4315 4395 4562 4574 4630 4652 4810 4829
 4940 4945 4949 4949 5017 5085 5105 5121 5208 5234 5263 5348 5352 5356
 5366 5369 5374 5381 5472 5492 5600 5634 5656 5695 5748 5800 5900 5990
 6087 6127 6131 6213 6305 6328 6347 6418 6437 6451 6464 6513 6550 6634
 6716 6726 6986 7017 7026 7033 7084 7339 7367 7404 7451 7526 7526 7527
 7574 7593 7603 7702 7711 7714 7783 7912 7947 7955 7961 7977 8128 8137]
sampled_K: (182, 256)
rescaling_coefficients: (182,)
SK: (182, 256)
Sb: (182,)
normal matrix: (256, 256)
x: (256,)
time: 0.11809172699999992
loss: 16.20705495631388
