###################################
2022-05-16 23:52:11.034875
Namespace(ndim=2, rows=16384, cols=16, alg=4, seed=1, l2_regularization=0.001, epsilon=0.1, delta=0.01, alpha=1e-06, samples=0)
leverage_scores: [16.00000000324126, 16.00000001958629]
num_columns: 256
num_samples: 182
samples: 0 182 [   78   186   197   279   292   445   581   655   685   868  1031  1046
  1098  1328  1394  1401  1567  1712  1825  1887  1983  2078  2093  2190
  2191  2193  2343  2363  2433  2642  2733  2751  2823  2859  2924  2974
  3130  3179  3245  3570  3676  3739  3774  3782  3802  3916  4068  4125
  4208  4220  4230  4234  4349  4428  4574  4639  4677  4735  4749  4775
  5098  5240  5337  5604  5681  5777  5819  6045  6055  6065  6102  6120
  6151  6271  6287  6315  6467  6518  6602  6679  6748  7073  7223  7317
  7383  7532  7557  7586  7647  7690  7858  7933  7948  8173  8173  8386
  8562  8608  8645  8760  8876  8912  8950  8962  9039  9114  9160  9828
  9872  9962 10213 10273 10313 10411 10453 10535 10547 10729 10774 11086
 11197 11261 11287 11358 11634 11690 11805 12018 12123 12145 12147 12213
 12247 12277 12533 12746 12760 12764 12784 12807 12818 12944 13248 13308
 13338 13421 13678 13735 13882 14096 14159 14221 14289 14335 14363 14521
 14587 14749 14916 14965 14973 14985 15181 15220 15304 15305 15307 15349
 15466 15521 15594 15800 15864 15867 15912 15934 15973 16102 16146 16149
 16177 16204]
samples: 1 182 [   36   191   232   318   565   605   618   669   690  1066  1103  1117
  1220  1231  1356  1434  1436  1473  1550  1637  1642  1643  1657  1761
  2057  2166  2188  2228  2386  2488  2491  2587  2628  2935  2941  2942
  3107  3299  3403  3456  3590  3717  3721  3730  3742  3791  3835  3883
  4031  4089  4267  4271  4378  4387  4391  4412  4457  4490  4530  4720
  4754  4902  4972  5259  5345  5708  5728  5781  5998  6012  6025  6122
  6190  6246  6293  6386  6506  6584  6708  6878  6905  6911  7189  7287
  7380  7633  7712  7898  7916  8044  8067  8125  8193  8209  8269  8344
  8359  8397  8710  8738  8748  8971  8979  9067  9302  9429  9493  9541
  9650  9751  9763  9849  9908 10010 10034 10050 10060 10368 10398 10436
 10473 10486 10489 10555 10570 10609 10668 10780 10803 10958 11102 11164
 11221 11309 11312 11318 11382 11577 11616 11696 11797 11929 12013 12098
 12148 12181 12240 12329 12545 12678 12996 13121 13229 13299 13357 13446
 13553 13621 13696 13788 13840 13889 14065 14086 14126 14243 14434 14776
 14779 14825 15051 15078 15423 15457 15479 15642 15708 15810 15903 15911
 16138 16201]
sampled_K: (182, 256)
rescaling_coefficients: (182,)
SK: (182, 256)
Sb: (182,)
normal matrix: (256, 256)
x: (256,)
time: 0.15912839699999992
loss: 52.52160280377672
