###################################
2022-05-16 23:56:37.584782
Namespace(ndim=2, rows=2048, cols=32, alg=4, seed=1, l2_regularization=0.001, epsilon=0.1, delta=0.01, alpha=1e-06, samples=0)
leverage_scores: [32.000000004502475, 32.00000000139018]
num_columns: 1024
num_samples: 841
samples: 0 841 [   1    4    9   19   19   20   24   26   27   29   29   31   33   34
   35   36   36   37   42   43   45   48   52   59   60   65   78   78
   81   81   85   86   87   90   98   99  101  102  104  107  111  119
  121  122  123  124  124  125  128  128  130  131  132  134  135  142
  146  147  149  156  160  160  163  164  166  174  175  177  184  186
  186  186  192  193  194  197  208  210  210  212  214  214  214  215
  217  223  226  227  230  230  234  234  242  244  250  253  255  256
  265  270  271  271  274  279  280  285  286  288  289  290  291  292
  292  293  298  304  310  311  316  317  320  323  328  328  332  332
  334  335  338  339  341  343  346  350  354  357  358  362  362  365
  366  366  366  371  373  375  376  376  377  378  378  380  381  383
  387  396  397  398  401  408  416  422  424  426  427  429  432  436
  437  446  450  451  451  454  465  467  470  477  478  483  484  484
  488  494  494  497  497  500  501  505  507  510  511  513  518  519
  520  523  525  531  531  535  535  538  539  539  540  541  548  551
  552  554  556  563  564  565  568  571  574  577  578  579  583  590
  593  598  605  606  613  615  619  620  622  622  623  626  626  626
  631  632  633  634  639  640  642  642  644  646  646  647  647  647
  651  653  655  656  660  661  664  664  665  665  675  681  684  685
  686  687  691  692  693  693  694  702  702  703  705  710  711  716
  719  719  723  724  727  728  736  738  738  745  747  754  756  770
  773  775  778  784  784  787  789  789  796  797  798  801  802  803
  805  806  807  809  811  811  811  816  817  819  820  820  821  822
  828  831  831  832  835  836  836  846  849  852  854  862  867  867
  869  872  874  879  881  882  885  886  887  892  893  894  894  896
  897  898  899  899  899  900  901  901  905  906  912  914  916  917
  918  923  923  926  928  928  930  931  931  940  940  941  944  945
  945  949  949  950  950  952  953  957  960  964  964  964  966  966
  970  972  973  974  978  979  984  986  986  987  987  987  988  989
  990  997  997  998  998 1001 1001 1001 1007 1023 1025 1025 1027 1028
 1030 1032 1038 1039 1041 1045 1045 1045 1046 1046 1050 1054 1055 1067
 1067 1068 1069 1070 1070 1072 1076 1080 1081 1082 1088 1089 1093 1096
 1098 1103 1104 1105 1105 1105 1106 1107 1109 1109 1115 1118 1128 1129
 1129 1131 1135 1140 1141 1142 1144 1144 1146 1148 1149 1150 1162 1162
 1163 1165 1170 1170 1173 1176 1177 1177 1178 1180 1180 1185 1186 1186
 1190 1192 1193 1194 1198 1207 1208 1209 1209 1212 1213 1214 1216 1216
 1217 1218 1220 1223 1234 1235 1236 1237 1240 1240 1254 1259 1259 1260
 1264 1268 1268 1271 1280 1286 1286 1287 1288 1296 1297 1299 1309 1320
 1321 1334 1340 1343 1345 1346 1348 1351 1361 1363 1367 1368 1369 1376
 1378 1379 1379 1380 1382 1383 1384 1385 1389 1389 1391 1392 1394 1394
 1396 1397 1401 1405 1406 1413 1417 1418 1420 1422 1426 1427 1428 1429
 1434 1434 1435 1437 1439 1442 1444 1445 1446 1450 1453 1453 1458 1462
 1463 1465 1474 1477 1478 1478 1480 1487 1488 1488 1489 1493 1494 1495
 1495 1496 1500 1503 1504 1505 1505 1507 1507 1509 1512 1517 1519 1520
 1526 1531 1532 1533 1542 1543 1547 1557 1560 1561 1562 1563 1564 1568
 1569 1571 1574 1575 1577 1578 1580 1583 1584 1584 1585 1586 1586 1587
 1587 1593 1593 1596 1598 1599 1599 1600 1601 1603 1604 1605 1605 1605
 1606 1610 1611 1613 1621 1626 1626 1627 1629 1630 1631 1631 1632 1640
 1645 1647 1648 1650 1650 1653 1657 1661 1664 1665 1665 1669 1677 1678
 1681 1682 1685 1686 1688 1691 1695 1696 1698 1699 1702 1702 1703 1704
 1712 1713 1714 1721 1721 1722 1725 1726 1727 1730 1745 1745 1747 1748
 1750 1751 1758 1758 1760 1760 1763 1766 1766 1769 1778 1788 1793 1799
 1800 1800 1805 1805 1806 1807 1812 1812 1817 1821 1821 1823 1824 1834
 1843 1847 1848 1849 1851 1851 1858 1863 1863 1865 1867 1868 1876 1877
 1879 1880 1887 1889 1889 1889 1895 1896 1898 1898 1900 1904 1905 1906
 1907 1908 1909 1910 1915 1915 1916 1917 1919 1923 1923 1923 1926 1927
 1929 1930 1930 1935 1938 1939 1943 1946 1947 1952 1954 1955 1958 1960
 1960 1964 1968 1979 1981 1982 1988 1988 1991 1995 1996 2000 2003 2004
 2004 2007 2009 2011 2013 2013 2015 2016 2019 2022 2022 2024 2026 2027
 2030 2032 2033 2033 2036 2038 2038 2039 2042 2042 2042 2043 2044 2044
 2045]
samples: 1 841 [   0    1    2    3    4    5    8    8    9   10   16   17   20   20
   20   20   21   21   22   24   30   31   32   32   32   34   36   37
   39   39   41   42   43   44   46   52   59   62   64   72   73   74
   76   78   79   81   82   84   88   91   92   97   97  101  103  105
  106  108  109  114  116  116  120  124  129  133  134  138  139  143
  146  147  147  148  148  150  155  157  159  159  165  165  167  169
  171  181  183  183  187  188  192  196  199  202  213  214  216  221
  224  242  244  251  252  252  254  254  256  266  267  268  268  268
  273  273  275  275  279  279  283  285  288  291  295  295  295  296
  296  297  298  300  303  304  304  305  305  306  307  310  315  315
  320  320  323  324  328  335  335  339  339  341  344  346  349  351
  356  360  363  364  366  366  369  375  378  379  380  381  382  383
  384  385  389  389  394  394  395  396  402  402  405  407  409  412
  413  415  416  418  418  420  420  424  424  424  424  425  429  438
  440  443  446  446  448  449  452  456  456  466  467  472  479  480
  482  482  489  489  492  494  499  505  505  508  516  517  518  524
  530  533  534  538  538  540  541  542  543  543  548  550  551  554
  557  557  558  562  563  567  568  571  572  573  577  585  591  593
  595  595  598  599  600  607  610  611  618  620  621  624  624  635
  635  638  640  641  642  643  645  646  648  649  658  661  664  664
  668  673  674  674  676  677  679  683  686  687  695  695  698  700
  703  704  706  708  708  710  713  714  717  719  725  727  729  731
  732  734  735  738  739  744  746  757  758  759  765  771  771  773
  782  782  783  785  786  789  791  795  795  797  797  798  798  798
  799  800  800  801  803  808  808  815  815  816  820  833  835  838
  840  844  851  855  864  865  867  867  868  869  870  875  875  879
  881  882  882  882  883  884  886  887  888  898  901  908  908  909
  913  916  918  919  921  929  932  935  939  944  948  949  950  952
  959  962  963  966  970  972  973  975  976  977  982  985  988  990
  993  996  996 1005 1005 1005 1007 1008 1009 1011 1016 1019 1023 1031
 1038 1042 1043 1049 1053 1055 1056 1057 1057 1058 1059 1060 1061 1064
 1066 1067 1079 1081 1083 1084 1087 1087 1098 1101 1102 1104 1104 1107
 1109 1116 1121 1121 1122 1123 1127 1129 1133 1133 1138 1144 1144 1144
 1145 1146 1147 1148 1149 1158 1164 1165 1166 1167 1168 1169 1171 1172
 1175 1178 1178 1183 1184 1189 1191 1194 1195 1197 1197 1199 1206 1208
 1212 1212 1213 1217 1230 1232 1235 1236 1238 1239 1244 1245 1246 1249
 1250 1250 1252 1253 1253 1257 1267 1268 1269 1272 1274 1275 1276 1281
 1283 1284 1289 1295 1298 1302 1303 1306 1307 1310 1316 1316 1320 1323
 1325 1326 1326 1326 1326 1334 1334 1337 1347 1355 1355 1356 1360 1360
 1364 1373 1374 1378 1380 1381 1382 1383 1384 1394 1394 1397 1400 1402
 1404 1409 1417 1419 1422 1425 1429 1431 1435 1436 1439 1441 1441 1446
 1450 1450 1451 1452 1455 1459 1460 1461 1462 1464 1467 1468 1468 1468
 1469 1472 1473 1477 1477 1477 1478 1479 1479 1480 1480 1483 1486 1488
 1494 1503 1508 1510 1511 1512 1513 1514 1515 1517 1519 1519 1519 1531
 1535 1536 1537 1540 1541 1551 1557 1557 1562 1564 1564 1566 1567 1570
 1578 1581 1582 1585 1589 1596 1597 1598 1599 1602 1602 1603 1607 1607
 1607 1608 1609 1615 1615 1616 1617 1617 1617 1619 1620 1621 1630 1630
 1633 1636 1636 1636 1639 1639 1643 1647 1650 1651 1652 1654 1656 1660
 1661 1673 1674 1674 1676 1678 1679 1689 1693 1693 1694 1696 1697 1705
 1705 1709 1709 1712 1712 1715 1717 1721 1722 1722 1724 1727 1727 1731
 1732 1734 1735 1740 1740 1742 1742 1744 1747 1748 1750 1752 1757 1758
 1759 1759 1760 1760 1760 1763 1768 1775 1775 1776 1777 1791 1796 1801
 1802 1803 1804 1805 1808 1809 1812 1814 1814 1815 1819 1820 1825 1826
 1827 1830 1832 1844 1845 1845 1845 1846 1847 1847 1849 1851 1852 1852
 1854 1854 1858 1862 1862 1866 1866 1874 1875 1875 1877 1879 1880 1882
 1884 1885 1893 1900 1901 1906 1906 1909 1910 1911 1912 1918 1920 1924
 1925 1926 1927 1939 1940 1940 1941 1943 1943 1946 1950 1951 1952 1953
 1959 1960 1962 1964 1965 1966 1967 1967 1968 1969 1970 1971 1971 1971
 1971 1973 1974 1975 1978 1979 1982 1985 1986 1989 1995 1996 2006 2008
 2011 2011 2013 2019 2023 2024 2026 2033 2033 2038 2039 2039 2042 2044
 2046]
sampled_K: (841, 1024)
rescaling_coefficients: (841,)
SK: (841, 1024)
Sb: (841,)
normal matrix: (1024, 1024)
x: (1024,)
time: 6.038574172
loss: 0.631409730815067
