###################################
2022-05-16 23:25:09.543441
Namespace(ndim=2, rows=4096, cols=32, alg=4, seed=0, l2_regularization=0.001, epsilon=0.1, delta=0.01, alpha=1e-06, samples=0)
leverage_scores: [32.00000000369305, 31.999999988873405]
num_columns: 1024
num_samples: 841
samples: 0 841 [   3   14   16   19   21   29   31   32   39   59   62   64   65   65
   68   68   74   79   80   95   97  100  106  107  112  112  114  119
  123  124  127  129  132  143  144  158  162  164  174  199  204  210
  212  218  220  240  240  243  244  245  249  251  251  252  259  259
  262  266  268  270  277  280  284  284  292  292  293  301  306  308
  310  313  315  317  323  332  335  339  340  350  350  354  364  378
  380  382  384  395  397  400  402  408  411  414  415  419  428  428
  429  433  433  439  439  439  449  450  451  458  471  474  493  495
  509  510  526  530  533  537  544  545  549  565  573  588  592  606
  614  616  616  646  655  658  662  665  670  684  707  709  729  734
  736  738  754  756  767  775  776  777  777  783  786  787  788  802
  806  806  809  819  822  831  849  864  870  871  883  891  898  898
  909  924  925  933  934  940  950  953  956  959  959  969  971  976
  979  988  997 1015 1018 1027 1030 1035 1040 1044 1050 1055 1055 1061
 1069 1073 1080 1083 1086 1091 1093 1094 1099 1102 1103 1104 1105 1119
 1122 1122 1126 1127 1128 1144 1146 1150 1151 1154 1156 1157 1158 1162
 1184 1195 1200 1209 1213 1224 1226 1226 1228 1232 1232 1236 1239 1242
 1244 1252 1261 1271 1278 1285 1290 1292 1294 1299 1302 1309 1313 1316
 1318 1321 1321 1327 1328 1344 1357 1364 1374 1375 1376 1378 1385 1388
 1392 1393 1400 1405 1409 1420 1422 1426 1428 1431 1438 1439 1440 1448
 1453 1456 1460 1460 1463 1468 1469 1471 1471 1487 1489 1528 1529 1532
 1533 1534 1552 1554 1556 1561 1564 1565 1570 1572 1583 1585 1595 1604
 1604 1610 1613 1613 1614 1630 1632 1633 1636 1641 1643 1646 1658 1658
 1664 1668 1669 1678 1679 1683 1688 1713 1714 1718 1719 1730 1737 1737
 1743 1745 1764 1770 1773 1789 1793 1794 1811 1821 1821 1824 1826 1827
 1828 1830 1835 1854 1861 1868 1872 1904 1911 1916 1916 1920 1930 1944
 1955 1961 1975 1975 1982 1982 1986 1990 2000 2002 2004 2010 2012 2019
 2024 2024 2027 2036 2036 2052 2056 2059 2064 2065 2065 2074 2077 2079
 2089 2104 2106 2108 2120 2121 2124 2130 2132 2133 2134 2139 2146 2148
 2150 2155 2165 2169 2176 2177 2189 2190 2194 2195 2195 2205 2212 2212
 2214 2215 2221 2222 2225 2227 2227 2238 2240 2245 2264 2266 2279 2283
 2283 2290 2291 2295 2296 2307 2308 2308 2319 2330 2331 2332 2336 2337
 2346 2348 2355 2366 2366 2369 2372 2376 2380 2403 2412 2413 2417 2418
 2419 2420 2421 2422 2423 2424 2428 2428 2435 2438 2439 2445 2461 2465
 2477 2477 2481 2482 2482 2488 2489 2492 2498 2501 2511 2511 2532 2534
 2534 2535 2538 2548 2560 2562 2566 2567 2571 2573 2576 2579 2588 2588
 2591 2592 2596 2600 2610 2618 2623 2625 2631 2635 2665 2669 2671 2675
 2678 2683 2686 2689 2691 2692 2696 2698 2698 2715 2718 2720 2721 2727
 2729 2737 2741 2751 2751 2755 2758 2764 2766 2766 2768 2769 2774 2779
 2780 2784 2785 2793 2795 2801 2810 2812 2814 2818 2820 2820 2822 2831
 2833 2844 2850 2853 2886 2887 2899 2910 2912 2916 2921 2924 2936 2936
 2938 2938 2943 2947 2950 2952 2975 2977 2981 2984 2984 2987 2991 2991
 2991 2994 3019 3022 3025 3028 3038 3038 3042 3043 3044 3052 3073 3081
 3086 3089 3104 3107 3109 3110 3118 3119 3122 3124 3125 3128 3130 3133
 3138 3150 3155 3159 3175 3178 3180 3192 3193 3194 3200 3204 3210 3215
 3216 3225 3229 3230 3233 3242 3250 3254 3259 3261 3268 3280 3282 3286
 3289 3291 3293 3293 3294 3296 3298 3299 3300 3303 3317 3329 3336 3338
 3341 3344 3345 3353 3356 3356 3359 3363 3369 3373 3383 3384 3387 3391
 3399 3414 3419 3420 3423 3426 3435 3440 3442 3449 3458 3463 3466 3467
 3471 3471 3474 3482 3485 3491 3492 3513 3516 3521 3522 3525 3525 3525
 3526 3538 3544 3545 3547 3551 3553 3559 3565 3568 3568 3572 3587 3587
 3592 3599 3628 3629 3631 3635 3637 3646 3651 3656 3661 3662 3666 3667
 3673 3676 3681 3684 3685 3685 3686 3689 3694 3705 3714 3717 3718 3719
 3728 3729 3733 3739 3740 3742 3750 3751 3751 3752 3753 3760 3766 3766
 3769 3769 3772 3780 3781 3785 3785 3789 3789 3789 3797 3802 3804 3807
 3807 3813 3824 3824 3824 3827 3828 3829 3831 3833 3839 3846 3847 3848
 3860 3861 3864 3872 3876 3882 3884 3884 3886 3886 3888 3903 3908 3908
 3909 3910 3912 3917 3921 3923 3929 3933 3942 3944 3949 3951 3951 3961
 3965 3970 3970 3973 3973 3974 3978 3992 3993 3996 4003 4031 4033 4040
 4041 4043 4045 4052 4053 4057 4063 4065 4068 4071 4074 4079 4081 4084
 4088]
samples: 1 841 [   6   10   11   14   14   19   20   30   32   40   42   42   50   59
   61   63   69   81   96   98  101  110  110  119  136  141  143  144
  144  146  146  152  154  156  162  167  169  170  172  178  184  184
  198  209  213  216  216  218  224  228  228  232  237  242  244  245
  246  246  247  249  258  264  265  272  278  278  284  285  290  292
  298  299  316  327  342  345  357  363  363  368  373  381  385  387
  388  391  391  397  400  401  412  414  415  416  432  433  438  447
  449  453  459  462  463  466  469  472  478  489  495  503  518  518
  519  520  522  525  535  542  551  556  563  576  588  589  595  601
  603  616  619  635  654  661  668  675  701  710  716  718  721  725
  730  730  732  735  751  752  754  758  759  759  762  762  769  774
  776  791  795  795  804  804  815  825  827  827  829  837  841  854
  863  866  872  874  877  886  901  903  921  925  927  931  933  934
  935  942  943  944  947  952  959  962  970  971  976  978  981  982
  990  993  998  999 1009 1011 1011 1013 1020 1020 1021 1022 1024 1030
 1032 1033 1034 1037 1042 1047 1047 1052 1065 1068 1069 1071 1081 1082
 1088 1089 1089 1095 1097 1100 1101 1107 1109 1126 1126 1127 1145 1155
 1155 1161 1164 1166 1166 1167 1172 1182 1189 1193 1195 1197 1197 1198
 1199 1220 1223 1224 1228 1229 1239 1241 1243 1244 1245 1247 1255 1256
 1256 1256 1260 1264 1270 1280 1287 1287 1290 1293 1294 1296 1317 1325
 1332 1335 1345 1353 1357 1375 1378 1382 1383 1389 1392 1393 1397 1398
 1401 1408 1408 1412 1413 1413 1417 1417 1417 1418 1424 1434 1435 1448
 1448 1448 1448 1448 1453 1460 1462 1467 1467 1475 1478 1493 1494 1502
 1503 1513 1526 1540 1541 1550 1555 1557 1559 1561 1587 1595 1599 1600
 1600 1604 1604 1605 1607 1618 1620 1622 1628 1629 1630 1636 1639 1651
 1652 1658 1660 1663 1667 1670 1676 1677 1680 1680 1683 1683 1687 1690
 1692 1695 1696 1697 1706 1709 1715 1716 1724 1724 1727 1730 1734 1749
 1749 1752 1753 1754 1756 1773 1774 1775 1782 1785 1793 1796 1796 1801
 1806 1807 1820 1820 1821 1822 1822 1824 1836 1836 1851 1852 1854 1859
 1864 1865 1866 1867 1872 1879 1888 1902 1913 1914 1922 1924 1930 1933
 1933 1934 1934 1936 1939 1950 1956 1956 1963 1964 1968 1971 1991 1994
 1994 2017 2022 2038 2045 2045 2047 2048 2052 2053 2057 2069 2070 2086
 2087 2087 2098 2107 2109 2119 2126 2134 2135 2138 2143 2144 2151 2156
 2160 2165 2170 2175 2182 2182 2183 2195 2198 2199 2218 2219 2232 2241
 2256 2260 2271 2273 2278 2295 2296 2303 2304 2310 2318 2321 2329 2330
 2352 2353 2354 2361 2362 2364 2364 2366 2370 2370 2384 2385 2385 2393
 2394 2399 2410 2415 2416 2424 2427 2439 2439 2443 2446 2449 2475 2478
 2483 2484 2490 2493 2497 2498 2500 2508 2511 2516 2524 2536 2544 2550
 2551 2557 2566 2574 2576 2582 2582 2584 2592 2598 2600 2619 2625 2630
 2635 2643 2644 2645 2646 2646 2653 2658 2660 2661 2662 2663 2684 2692
 2692 2698 2723 2729 2731 2753 2755 2760 2760 2763 2769 2780 2780 2785
 2789 2792 2799 2805 2808 2809 2814 2816 2827 2834 2838 2843 2845 2846
 2851 2856 2856 2859 2865 2865 2867 2868 2877 2887 2892 2896 2901 2904
 2907 2907 2912 2915 2915 2919 2922 2926 2938 2946 2947 2957 2962 2962
 2967 2970 2977 2978 2978 2995 2996 2999 3003 3005 3006 3006 3011 3020
 3026 3028 3029 3030 3033 3034 3037 3037 3038 3043 3047 3059 3075 3076
 3086 3098 3099 3100 3104 3110 3110 3111 3116 3116 3116 3117 3119 3122
 3131 3131 3138 3152 3157 3158 3161 3167 3172 3190 3197 3201 3206 3212
 3222 3223 3235 3237 3243 3248 3284 3292 3301 3302 3302 3309 3314 3318
 3324 3325 3328 3328 3334 3344 3350 3351 3357 3363 3377 3380 3392 3392
 3396 3397 3397 3398 3409 3409 3417 3419 3424 3424 3428 3431 3442 3444
 3456 3457 3462 3468 3484 3487 3495 3496 3500 3513 3522 3526 3527 3532
 3545 3549 3553 3557 3560 3561 3563 3564 3572 3575 3576 3580 3581 3586
 3587 3587 3589 3599 3604 3604 3615 3623 3627 3627 3645 3647 3658 3661
 3664 3668 3668 3670 3674 3681 3692 3693 3699 3700 3706 3724 3726 3729
 3729 3734 3734 3742 3745 3751 3752 3757 3761 3767 3779 3792 3793 3812
 3836 3840 3844 3846 3848 3848 3849 3849 3853 3868 3880 3882 3886 3889
 3901 3907 3912 3914 3915 3915 3915 3918 3920 3920 3920 3924 3924 3924
 3928 3931 3932 3933 3942 3943 3944 3946 3946 3965 3974 3975 3978 3992
 4004 4005 4005 4015 4019 4023 4037 4041 4049 4051 4063 4066 4069 4071
 4076]
sampled_K: (841, 1024)
rescaling_coefficients: (841,)
SK: (841, 1024)
Sb: (841,)
normal matrix: (1024, 1024)
x: (1024,)
time: 6.270986174
loss: 2.7706865404868912
