###################################
2022-05-16 23:48:53.994686
Namespace(ndim=2, rows=1024, cols=4, alg=4, seed=2, l2_regularization=0.001, epsilon=0.1, delta=0.01, alpha=1e-05, samples=0)
leverage_scores: [4.000000001732451, 3.999999999575836]
num_columns: 16
num_samples: 79
samples: 0 79 [   3    7   18   37   42   55   74   78   79   80   88   90   92  135
  141  159  180  180  206  206  218  243  258  260  349  350  460  462
  481  492  526  561  562  589  628  635  642  648  650  674  682  685
  699  708  710  713  722  740  745  754  759  764  772  787  789  798
  811  816  833  841  854  856  860  876  882  891  896  902  905  908
  912  924  926  937  942  945  990 1003 1014]
samples: 1 79 [  4  36  64  90  92  96 116 121 122 131 143 166 171 171 190 210 212 213
 223 227 235 242 250 252 274 278 283 309 314 334 351 398 421 425 425 439
 445 447 458 458 478 490 497 547 565 565 594 612 624 634 737 742 747 761
 766 780 784 803 811 816 827 830 838 845 851 860 861 865 872 885 889 890
 918 938 945 954 981 981 993]
sampled_K: (79, 16)
rescaling_coefficients: (79,)
SK: (79, 16)
Sb: (79,)
normal matrix: (16, 16)
x: (16,)
time: 0.0058392319999998055
loss: 0.6122874690634822
