###################################
2022-05-16 23:57:32.942963
Namespace(ndim=2, rows=4096, cols=32, alg=4, seed=1, l2_regularization=0.001, epsilon=0.1, delta=0.01, alpha=1e-06, samples=0)
leverage_scores: [32.000000016972855, 32.000000006803724]
num_columns: 1024
num_samples: 841
samples: 0 841 [   6    7   11   20   23   23   24   24   36   74   76   77   85   89
   98   98  100  103  115  120  123  123  130  132  145  146  149  156
  156  161  162  164  167  172  176  177  180  184  190  191  197  199
  208  211  214  216  217  220  225  226  227  230  259  264  268  277
  279  290  291  295  304  307  310  321  327  330  330  338  339  339
  345  361  364  364  365  371  380  384  385  394  397  404  410  411
  412  418  423  425  430  430  435  447  448  451  462  464  469  471
  472  485  485  492  494  496  503  505  522  523  526  528  530  534
  539  540  542  548  553  558  570  572  574  576  577  577  582  591
  598  611  616  617  619  620  621  627  628  638  640  644  647  647
  660  660  664  668  673  677  680  684  687  689  692  693  702  708
  718  743  747  747  747  759  762  766  767  768  768  772  781  784
  797  798  807  807  812  825  834  839  841  852  852  856  858  859
  872  875  880  881  887  889  891  908  909  911  914  923  923  925
  927  928  936  938  945  947  951  957  966  972  980  991  995 1002
 1003 1005 1016 1016 1025 1025 1032 1038 1038 1040 1046 1050 1065 1072
 1076 1085 1085 1092 1094 1097 1108 1121 1131 1140 1142 1160 1162 1164
 1167 1175 1186 1187 1187 1190 1192 1203 1208 1209 1210 1215 1217 1218
 1223 1228 1229 1235 1241 1243 1245 1262 1262 1263 1264 1264 1284 1285
 1288 1294 1301 1302 1318 1334 1334 1336 1340 1343 1352 1356 1356 1357
 1358 1360 1361 1361 1372 1373 1376 1379 1387 1388 1389 1418 1418 1418
 1424 1429 1431 1433 1443 1448 1452 1454 1463 1474 1478 1478 1481 1484
 1489 1494 1495 1503 1505 1507 1515 1516 1516 1519 1519 1528 1531 1536
 1537 1538 1540 1542 1546 1549 1566 1567 1573 1584 1601 1609 1610 1611
 1622 1623 1629 1630 1630 1632 1634 1654 1663 1672 1674 1674 1674 1678
 1690 1704 1705 1709 1740 1744 1746 1755 1757 1758 1770 1773 1773 1789
 1793 1795 1796 1805 1808 1808 1811 1815 1817 1818 1819 1824 1831 1833
 1833 1844 1851 1862 1862 1881 1884 1887 1890 1892 1897 1906 1921 1924
 1932 1940 1942 1944 1953 1958 1959 1964 1973 1978 1996 1998 2005 2011
 2013 2016 2022 2034 2034 2036 2044 2046 2049 2052 2053 2062 2062 2065
 2069 2075 2075 2077 2082 2100 2107 2110 2113 2113 2118 2127 2128 2134
 2141 2145 2148 2169 2171 2172 2176 2185 2192 2192 2201 2207 2207 2212
 2213 2218 2218 2221 2226 2226 2229 2234 2239 2242 2250 2256 2260 2260
 2260 2265 2274 2282 2287 2287 2293 2295 2297 2302 2306 2306 2307 2309
 2311 2312 2318 2318 2322 2329 2331 2343 2349 2351 2353 2366 2366 2374
 2377 2378 2378 2379 2380 2387 2387 2390 2392 2393 2394 2395 2414 2416
 2423 2432 2437 2442 2444 2445 2446 2449 2452 2455 2456 2456 2459 2460
 2466 2478 2479 2484 2488 2490 2502 2503 2512 2513 2516 2522 2529 2533
 2535 2535 2542 2560 2563 2572 2574 2587 2593 2593 2596 2600 2614 2630
 2636 2639 2643 2652 2654 2657 2659 2661 2662 2664 2666 2669 2672 2674
 2693 2701 2708 2709 2720 2720 2723 2726 2732 2733 2742 2747 2763 2773
 2783 2783 2785 2786 2793 2799 2800 2802 2803 2813 2833 2834 2834 2842
 2844 2846 2854 2855 2856 2863 2874 2879 2880 2889 2906 2911 2913 2915
 2916 2917 2929 2935 2946 2955 2955 2962 2983 2989 2989 2992 2993 2997
 2998 2998 3008 3009 3016 3022 3024 3029 3033 3047 3048 3050 3052 3052
 3064 3066 3087 3088 3097 3102 3110 3122 3138 3146 3147 3149 3158 3158
 3159 3168 3174 3183 3201 3202 3202 3206 3211 3217 3223 3232 3238 3240
 3247 3248 3264 3264 3271 3279 3281 3281 3283 3284 3285 3286 3291 3291
 3295 3301 3307 3323 3324 3325 3338 3340 3342 3347 3353 3355 3356 3380
 3387 3395 3399 3403 3405 3411 3415 3417 3427 3431 3436 3438 3439 3455
 3457 3460 3476 3486 3488 3490 3495 3498 3506 3509 3513 3513 3514 3516
 3517 3539 3541 3543 3544 3561 3565 3567 3573 3578 3588 3591 3591 3591
 3593 3600 3607 3607 3612 3626 3627 3633 3655 3655 3656 3664 3667 3671
 3673 3678 3681 3691 3698 3710 3714 3718 3719 3720 3741 3742 3747 3749
 3752 3757 3757 3758 3759 3759 3762 3769 3770 3776 3779 3780 3780 3784
 3785 3789 3790 3795 3795 3797 3802 3807 3807 3808 3809 3810 3813 3825
 3829 3837 3839 3841 3841 3842 3844 3848 3850 3855 3857 3857 3861 3863
 3872 3887 3904 3906 3908 3912 3919 3921 3924 3928 3929 3953 3958 3959
 3970 3971 3972 3974 3976 3977 3977 3985 3987 4001 4007 4009 4011 4015
 4015 4019 4030 4033 4044 4050 4055 4059 4063 4064 4066 4074 4090 4091
 4093]
samples: 1 841 [   4    7    8   11   18   18   20   30   38   42   42   65   69   72
   73   77   78   79   80   83   86   90   93   95   98  100  109  115
  118  119  132  135  144  149  151  158  170  170  180  180  185  185
  195  199  206  207  208  211  213  221  222  223  223  225  225  235
  241  244  246  249  250  257  259  264  266  282  306  307  309  313
  329  335  336  337  337  341  344  345  347  353  353  353  357  360
  360  362  372  385  388  401  404  408  409  410  410  419  420  425
  431  432  443  453  454  454  464  469  472  478  483  485  487  493
  494  495  496  497  531  534  535  539  542  544  547  548  550  555
  555  560  564  573  575  580  585  586  595  601  608  621  627  632
  635  651  651  653  657  663  667  670  671  673  677  679  682  687
  688  691  694  694  698  701  722  728  730  735  736  739  745  750
  759  763  767  771  777  777  781  786  794  794  796  797  803  814
  817  826  834  837  839  848  852  858  859  860  867  870  885  891
  893  905  909  916  934  934  939  939  943  944  950  955  955  958
  958  960  960  968  972  979  981  982  983  985  995  998 1003 1004
 1006 1008 1012 1039 1045 1045 1077 1077 1100 1105 1106 1116 1119 1126
 1128 1130 1135 1137 1145 1149 1149 1157 1163 1176 1179 1180 1184 1187
 1192 1212 1212 1219 1221 1222 1225 1227 1251 1269 1269 1272 1272 1274
 1276 1282 1284 1291 1296 1296 1296 1296 1298 1299 1306 1309 1312 1317
 1317 1317 1322 1323 1326 1328 1329 1336 1347 1350 1356 1357 1358 1366
 1367 1370 1373 1375 1380 1385 1394 1400 1403 1408 1413 1415 1418 1421
 1423 1429 1433 1442 1442 1443 1448 1449 1456 1458 1460 1463 1478 1496
 1497 1504 1506 1507 1507 1515 1532 1535 1536 1536 1541 1552 1558 1568
 1568 1569 1570 1575 1575 1584 1589 1600 1603 1609 1610 1612 1613 1638
 1639 1640 1642 1648 1657 1663 1665 1667 1669 1676 1679 1681 1687 1688
 1690 1694 1695 1699 1705 1710 1728 1740 1752 1773 1776 1780 1789 1797
 1803 1813 1813 1816 1818 1821 1822 1827 1828 1835 1841 1850 1854 1860
 1860 1864 1866 1866 1867 1878 1880 1882 1888 1917 1919 1927 1927 1929
 1933 1936 1937 1945 1963 1975 1982 1984 1996 1997 1999 2006 2010 2013
 2020 2021 2024 2030 2037 2050 2055 2057 2062 2069 2079 2083 2084 2105
 2106 2116 2124 2126 2128 2129 2133 2143 2143 2144 2147 2158 2164 2166
 2171 2178 2181 2184 2190 2191 2197 2203 2203 2205 2206 2208 2209 2213
 2218 2221 2223 2243 2245 2247 2248 2254 2256 2263 2267 2270 2272 2274
 2276 2282 2285 2287 2302 2305 2309 2322 2344 2351 2352 2368 2369 2369
 2369 2372 2382 2385 2399 2405 2413 2413 2422 2424 2430 2438 2448 2451
 2451 2464 2465 2470 2470 2471 2473 2479 2483 2485 2491 2492 2499 2499
 2506 2506 2510 2512 2512 2513 2514 2515 2517 2522 2522 2546 2549 2554
 2555 2562 2574 2578 2587 2610 2624 2625 2637 2641 2643 2645 2653 2659
 2662 2671 2674 2679 2682 2686 2695 2705 2706 2709 2713 2713 2715 2716
 2716 2722 2725 2727 2742 2746 2755 2762 2770 2777 2778 2779 2780 2780
 2783 2784 2785 2788 2790 2805 2815 2817 2818 2824 2832 2837 2846 2850
 2856 2863 2868 2871 2884 2897 2909 2910 2911 2914 2930 2936 2936 2948
 2949 2949 2962 2968 2980 2982 2986 2997 3004 3006 3010 3012 3019 3023
 3033 3036 3047 3058 3062 3065 3071 3081 3081 3083 3087 3092 3093 3096
 3100 3105 3105 3110 3119 3125 3129 3129 3134 3135 3138 3141 3144 3148
 3151 3151 3155 3157 3164 3169 3170 3178 3180 3182 3190 3191 3197 3201
 3210 3210 3216 3221 3223 3226 3226 3227 3241 3241 3242 3249 3253 3255
 3255 3257 3261 3268 3277 3278 3291 3297 3303 3304 3324 3327 3333 3335
 3339 3345 3349 3351 3354 3355 3357 3367 3370 3381 3389 3393 3399 3401
 3412 3425 3425 3427 3430 3431 3433 3435 3435 3435 3447 3447 3447 3447
 3456 3466 3467 3469 3472 3475 3483 3486 3496 3505 3518 3525 3532 3533
 3549 3561 3563 3565 3579 3583 3587 3588 3593 3594 3600 3600 3605 3611
 3612 3612 3613 3615 3615 3623 3627 3653 3657 3658 3659 3661 3664 3668
 3675 3675 3676 3677 3684 3685 3686 3691 3711 3717 3729 3732 3739 3739
 3741 3748 3748 3751 3752 3763 3772 3779 3782 3783 3787 3799 3809 3813
 3813 3819 3821 3822 3824 3829 3832 3836 3841 3842 3847 3849 3851 3852
 3856 3860 3867 3867 3867 3872 3873 3892 3898 3904 3904 3907 3925 3941
 3941 3945 3949 3953 3959 3970 3974 3975 3976 3979 3988 3993 3996 4001
 4012 4021 4024 4030 4047 4049 4051 4056 4072 4076 4081 4083 4083 4093
 4094]
sampled_K: (841, 1024)
rescaling_coefficients: (841,)
SK: (841, 1024)
Sb: (841,)
normal matrix: (1024, 1024)
x: (1024,)
time: 6.430280877
loss: 2.77627034320625
