###################################
2022-05-16 23:24:54.490644
Namespace(ndim=2, rows=1024, cols=32, alg=4, seed=0, l2_regularization=0.001, epsilon=0.1, delta=0.01, alpha=1e-06, samples=0)
leverage_scores: [32.00000000216871, 31.99999999251973]
num_columns: 1024
num_samples: 841
samples: 0 841 [   0    0    3    4    5    7    7    8   10   11   15   16   17   17
   17   18   18   19   20   24   25   27   27   28   28   28   28   29
   29   32   32   37   39   39   42   43   44   44   45   45   49   49
   50   50   53   54   55   56   59   59   60   60   64   65   67   67
   69   71   72   73   76   77   78   80   81   81   84   85   85   87
   87   87   90   90   90   93   95   95   95   96   96   98   99   99
  101  101  102  102  103  106  107  108  108  108  108  109  110  113
  114  116  116  116  117  117  122  123  125  127  128  129  132  133
  134  135  136  136  137  138  139  140  141  141  143  145  151  153
  155  155  156  156  159  159  160  161  161  162  163  163  164  171
  171  173  175  176  177  177  178  179  180  180  181  183  184  184
  185  185  188  190  190  193  194  194  196  196  197  197  199  200
  200  200  201  201  205  206  206  207  211  211  213  214  214  216
  219  223  226  227  228  228  234  235  236  237  237  237  239  242
  243  243  243  249  251  254  255  255  255  256  257  257  258  258
  260  261  264  266  266  268  270  270  271  272  272  273  274  276
  276  280  280  281  282  284  285  287  287  288  288  291  292  293
  297  298  298  303  304  304  304  306  307  307  307  307  308  309
  312  314  316  316  316  316  317  318  318  319  319  320  324  326
  326  328  328  330  331  333  334  339  339  340  343  347  347  348
  349  349  349  352  353  354  354  357  358  358  359  360  360  361
  364  364  364  365  367  367  368  369  370  370  371  372  375  376
  376  378  378  378  378  381  381  382  384  385  386  388  391  391
  391  394  394  399  401  402  405  406  407  408  410  411  412  414
  414  414  414  416  418  419  419  420  422  425  428  428  428  428
  432  433  433  434  434  434  436  437  437  437  439  439  439  441
  445  446  448  448  450  451  451  452  452  454  456  458  460  460
  460  461  462  463  465  466  467  467  469  469  471  472  474  475
  477  478  479  482  483  484  484  485  485  485  486  488  489  489
  490  491  491  492  493  494  495  497  499  502  505  507  508  509
  511  511  511  514  515  515  515  520  520  520  520  522  523  523
  524  524  526  528  528  532  533  533  534  538  538  538  539  541
  541  542  544  546  548  549  552  552  552  558  559  564  564  568
  568  569  573  574  574  575  576  577  577  577  579  581  582  583
  584  584  584  586  589  589  591  591  592  595  595  598  601  601
  602  602  602  603  605  606  607  607  612  613  614  616  616  616
  616  617  618  619  619  620  621  621  622  623  624  629  629  629
  631  631  634  634  637  637  638  639  639  639  640  641  641  642
  643  644  644  647  648  648  651  652  654  654  655  657  657  663
  663  665  667  674  676  678  678  680  680  681  685  685  686  689
  689  690  690  691  692  692  695  696  697  697  698  700  701  704
  707  708  709  712  715  718  718  719  720  721  721  723  723  724
  726  726  726  727  729  729  732  732  733  734  734  735  737  737
  739  739  740  743  745  746  746  747  747  748  749  750  750  754
  754  758  759  761  761  764  764  765  767  767  769  769  771  772
  773  774  774  775  778  779  780  780  782  782  785  785  785  786
  787  787  787  791  793  794  795  796  797  799  800  800  802  802
  803  804  807  809  809  810  812  812  812  814  814  814  815  816
  817  817  820  821  823  824  826  828  828  829  830  830  831  832
  833  833  833  836  836  838  838  838  839  840  840  846  847  847
  847  848  850  851  851  851  852  852  854  854  855  855  855  855
  855  855  856  859  859  860  862  864  865  865  866  867  869  871
  874  878  880  880  883  886  887  887  888  889  890  890  892  892
  895  897  898  899  901  901  901  902  903  903  907  907  908  911
  911  911  912  913  913  913  915  915  918  921  921  922  923  924
  926  930  931  935  936  938  939  939  939  949  950  950  950  951
  952  952  953  956  958  959  959  961  961  961  963  964  965  965
  966  970  975  976  981  983  989  989  991  992  993  997  997  998
 1001 1001 1001 1002 1003 1005 1005 1006 1006 1007 1007 1009 1011 1013
 1014 1015 1015 1015 1015 1015 1017 1018 1018 1018 1019 1020 1021 1022
 1023]
samples: 1 841 [   0    0    0    1    1    2    3    6    6    7    7   10   10   12
   14   14   16   17   19   19   20   21   21   23   24   24   27   28
   28   30   30   30   32   33   33   36   36   38   42   43   43   49
   49   51   51   53   56   57   58   59   63   66   66   69   69   70
   70   73   74   75   76   80   80   80   80   80   82   84   85   85
   85   86   86   88   90   92   92   94   97   98   98   98   99   99
  102  102  104  105  106  106  106  108  108  108  110  110  113  115
  117  118  118  119  119  119  120  121  122  123  127  128  129  130
  130  135  137  138  139  141  143  144  146  146  148  148  149  151
  151  151  151  151  153  154  155  157  157  159  159  160  161  161
  164  167  167  174  176  176  177  181  182  182  183  184  185  185
  186  186  186  187  187  194  195  196  199  199  200  201  201  205
  210  210  210  212  213  214  214  217  220  221  223  224  226  228
  230  232  236  237  238  239  241  243  244  246  248  248  249  249
  250  252  252  253  257  257  261  263  263  265  266  267  268  270
  270  272  273  274  275  275  279  280  281  285  286  286  287  287
  288  289  289  290  290  291  295  295  297  297  298  299  299  300
  300  301  301  302  302  303  304  304  305  306  306  307  309  309
  311  313  314  315  315  317  318  319  320  321  321  323  325  326
  328  330  331  332  333  334  335  336  338  339  339  340  342  344
  345  346  347  347  347  347  348  349  351  352  352  356  358  362
  362  365  366  366  368  369  370  370  372  372  373  375  376  377
  378  384  384  386  387  388  389  389  390  390  390  393  393  393
  393  394  394  395  396  397  397  398  400  400  401  402  404  405
  406  407  407  409  409  409  412  412  412  413  414  415  419  419
  420  422  422  423  423  425  425  425  426  426  428  428  428  429
  429  430  432  435  437  439  446  446  447  449  449  450  450  451
  452  452  452  454  455  456  457  459  461  463  464  464  465  466
  467  470  471  472  472  473  473  474  475  475  476  476  476  478
  478  479  482  485  486  492  494  494  497  497  498  502  503  506
  506  509  510  510  514  514  515  518  518  518  520  521  522  522
  523  524  525  528  529  530  530  531  531  531  532  532  533  534
  535  536  537  538  539  539  541  541  547  548  549  551  551  553
  555  555  556  557  558  560  561  561  562  564  566  567  568  568
  568  569  570  571  574  574  575  576  577  577  579  580  582  584
  586  586  586  587  592  592  593  595  596  596  599  602  603  606
  607  610  611  612  615  615  615  617  619  620  621  622  623  624
  626  629  629  629  632  634  634  637  637  637  638  639  642  643
  643  643  644  646  647  647  654  656  659  661  662  662  663  663
  663  664  665  665  665  665  666  667  669  671  672  677  677  679
  681  682  683  683  684  685  685  686  687  687  687  687  688  689
  690  691  691  692  693  694  696  700  700  703  704  704  709  710
  712  714  715  716  716  717  721  722  723  723  725  727  727  728
  731  731  731  732  732  732  732  733  734  734  736  740  740  740
  741  741  745  745  746  747  749  749  749  749  750  750  751  753
  755  755  756  757  758  761  763  763  763  764  764  764  765  766
  773  773  773  774  775  777  777  777  778  779  783  783  784  786
  786  787  787  788  788  788  789  789  791  795  797  798  798  798
  800  801  801  802  803  803  804  804  804  806  808  809  810  810
  811  811  812  812  813  813  816  817  819  822  823  826  827  827
  829  829  830  830  831  832  832  835  840  841  841  844  844  845
  846  847  848  850  854  854  855  856  856  857  858  858  858  860
  860  862  864  865  866  870  872  876  876  877  877  879  880  881
  882  884  886  887  889  894  895  896  899  899  900  900  904  905
  906  908  909  910  911  911  912  915  916  921  921  923  923  928
  931  934  934  935  938  939  942  942  948  950  950  950  952  952
  953  954  955  955  959  960  961  961  962  962  965  966  967  967
  967  969  971  972  972  975  976  977  979  980  980  980  984  985
  985  985  986  986  987  988  988  989  989  990  994  995  998  998
 1001 1003 1003 1004 1004 1005 1007 1011 1013 1016 1016 1016 1017 1020
 1023]
sampled_K: (841, 1024)
rescaling_coefficients: (841,)
SK: (841, 1024)
Sb: (841,)
normal matrix: (1024, 1024)
x: (1024,)
time: 6.1229764410000005
loss: 0.0770256967744414
