###################################
2022-05-16 23:57:51.612006
Namespace(ndim=2, rows=4096, cols=32, alg=4, seed=2, l2_regularization=0.001, epsilon=0.1, delta=0.01, alpha=1e-06, samples=0)
leverage_scores: [32.00000001419301, 31.99999999799233]
num_columns: 1024
num_samples: 841
samples: 0 841 [   6    7    7   10   10   23   32   36   43   44   49   50   57   59
   60   63   76   84   85   85   90   91   95  100  101  106  113  117
  130  136  142  142  149  150  158  159  162  164  166  168  170  174
  177  182  188  193  198  202  202  203  207  208  213  218  228  240
  240  254  257  258  261  264  267  282  282  292  298  298  300  300
  303  310  333  338  338  338  344  346  352  361  377  377  380  384
  384  385  403  403  407  408  408  419  421  442  442  450  458  462
  462  465  472  477  478  478  482  483  490  491  498  509  526  539
  543  558  587  592  592  593  595  599  605  606  609  611  612  613
  615  618  619  623  626  634  634  635  643  648  648  651  653  658
  658  663  670  671  673  675  678  684  688  692  694  707  709  712
  712  713  718  722  722  723  729  740  742  746  747  757  776  777
  779  781  783  786  788  796  797  797  798  814  818  822  827  828
  828  830  833  836  842  844  848  853  855  857  860  870  874  875
  879  882  884  897  897  903  907  910  910  912  934  936  936  942
  943  947  950  954  957  959  961  965  969  983  985  990  991  992
 1002 1007 1009 1010 1013 1020 1021 1032 1041 1047 1055 1056 1068 1069
 1073 1079 1085 1087 1093 1095 1113 1113 1116 1120 1127 1131 1157 1159
 1160 1176 1176 1182 1202 1202 1211 1212 1213 1217 1222 1225 1226 1231
 1239 1244 1249 1253 1259 1259 1260 1267 1270 1273 1285 1286 1287 1289
 1289 1295 1305 1318 1324 1339 1339 1341 1347 1347 1355 1359 1370 1377
 1377 1380 1390 1392 1395 1399 1405 1408 1414 1415 1418 1420 1431 1434
 1439 1439 1442 1450 1452 1453 1456 1457 1462 1466 1470 1473 1474 1474
 1485 1486 1490 1497 1500 1508 1511 1516 1525 1533 1537 1540 1553 1553
 1555 1555 1567 1575 1583 1597 1601 1606 1609 1616 1619 1621 1632 1650
 1651 1654 1655 1656 1664 1671 1673 1674 1688 1691 1692 1703 1705 1711
 1719 1719 1724 1725 1737 1743 1756 1760 1761 1769 1772 1778 1781 1787
 1797 1797 1802 1807 1808 1811 1813 1818 1826 1827 1842 1851 1852 1866
 1868 1880 1882 1882 1885 1890 1893 1895 1895 1898 1904 1904 1906 1912
 1925 1935 1938 1944 1956 1970 1973 1973 1975 1986 1992 2004 2005 2038
 2042 2048 2059 2065 2071 2079 2090 2101 2111 2114 2114 2118 2118 2121
 2122 2123 2124 2124 2132 2149 2152 2153 2155 2161 2164 2178 2178 2180
 2190 2190 2194 2198 2204 2204 2209 2217 2219 2223 2226 2239 2243 2244
 2250 2255 2272 2274 2275 2275 2282 2283 2290 2297 2299 2301 2312 2315
 2321 2322 2326 2330 2333 2342 2345 2350 2354 2363 2364 2369 2371 2384
 2392 2394 2395 2398 2399 2412 2413 2415 2417 2420 2421 2427 2436 2436
 2440 2453 2463 2466 2471 2481 2491 2497 2500 2502 2507 2507 2507 2510
 2511 2512 2514 2519 2520 2524 2533 2537 2538 2541 2542 2543 2548 2556
 2556 2557 2564 2572 2572 2578 2581 2586 2590 2590 2597 2598 2602 2603
 2610 2623 2624 2627 2627 2628 2632 2636 2645 2646 2657 2661 2664 2665
 2668 2674 2675 2689 2695 2696 2710 2714 2716 2720 2733 2744 2751 2754
 2778 2785 2788 2791 2792 2793 2794 2798 2799 2804 2810 2817 2818 2828
 2829 2832 2832 2834 2834 2846 2851 2853 2860 2860 2865 2872 2878 2888
 2890 2897 2904 2904 2921 2934 2946 2949 2959 2963 2966 2967 2979 2984
 2985 2986 2988 2988 2995 2997 2997 2999 3002 3004 3018 3018 3020 3036
 3042 3044 3046 3055 3059 3061 3067 3070 3071 3083 3084 3089 3093 3098
 3110 3110 3127 3127 3132 3135 3137 3139 3139 3147 3156 3160 3166 3167
 3176 3178 3191 3196 3196 3198 3200 3209 3221 3227 3234 3237 3238 3243
 3244 3246 3255 3261 3264 3267 3268 3282 3283 3284 3285 3285 3288 3296
 3297 3298 3299 3301 3311 3320 3328 3329 3329 3338 3340 3341 3341 3356
 3361 3384 3388 3390 3392 3393 3396 3405 3409 3416 3425 3435 3439 3441
 3443 3443 3453 3459 3461 3462 3469 3471 3477 3481 3493 3498 3503 3505
 3522 3522 3529 3529 3532 3548 3548 3556 3565 3566 3566 3567 3573 3578
 3582 3583 3595 3602 3606 3610 3616 3617 3620 3625 3627 3628 3631 3636
 3643 3644 3646 3648 3655 3655 3661 3671 3676 3677 3680 3690 3697 3699
 3725 3726 3733 3741 3742 3746 3749 3758 3770 3783 3792 3794 3798 3800
 3801 3805 3809 3816 3816 3816 3822 3830 3840 3841 3846 3860 3872 3878
 3883 3886 3887 3889 3890 3893 3903 3904 3904 3919 3919 3920 3923 3926
 3928 3931 3938 3938 3958 3966 3974 3974 3975 3979 3980 3982 3987 3988
 3989 3996 4007 4014 4020 4021 4021 4025 4025 4028 4028 4067 4067 4069
 4069]
samples: 1 841 [   6   15   16   18   37   42   45   49   51   61   62   63   74   76
   86   96  110  112  116  120  124  133  136  138  140  151  153  154
  157  169  174  175  176  179  191  199  209  211  216  226  243  255
  260  277  278  280  283  288  298  298  302  304  311  317  318  320
  321  324  327  343  347  353  356  362  362  368  369  382  385  389
  395  403  415  417  418  422  425  428  428  441  443  443  446  452
  457  465  468  473  481  493  494  503  508  509  511  512  513  518
  521  521  523  528  536  540  546  546  549  549  561  563  570  591
  597  600  601  605  608  613  613  619  625  626  630  635  639  646
  648  649  651  660  661  666  671  671  674  675  678  686  692  692
  702  704  717  718  722  727  730  737  738  745  746  763  770  770
  784  786  787  799  803  804  804  805  814  816  818  820  821  829
  834  847  851  858  862  863  863  867  869  873  879  879  880  881
  891  894  895  905  910  917  918  928  929  930  930  937  940  943
  950  962  965  966  968  969  972  973  974  982  989  996  997  999
 1025 1025 1029 1037 1048 1051 1053 1053 1054 1054 1058 1062 1064 1065
 1067 1070 1074 1078 1092 1095 1097 1099 1103 1107 1119 1123 1127 1131
 1133 1142 1148 1149 1156 1160 1161 1174 1181 1183 1198 1200 1212 1229
 1232 1240 1244 1246 1251 1260 1263 1271 1283 1284 1296 1298 1306 1316
 1317 1319 1329 1334 1335 1349 1350 1350 1351 1354 1357 1371 1374 1376
 1378 1378 1379 1382 1391 1405 1408 1411 1416 1417 1418 1432 1432 1439
 1445 1455 1459 1460 1462 1467 1470 1480 1484 1485 1495 1501 1504 1513
 1515 1528 1533 1535 1543 1544 1556 1565 1577 1583 1592 1593 1594 1597
 1605 1608 1615 1618 1618 1620 1622 1630 1632 1638 1648 1654 1654 1655
 1655 1664 1669 1680 1680 1688 1691 1694 1704 1705 1706 1711 1712 1714
 1720 1729 1732 1740 1741 1761 1763 1770 1773 1775 1792 1796 1798 1808
 1823 1824 1828 1836 1837 1844 1844 1852 1858 1863 1865 1866 1878 1880
 1883 1886 1887 1888 1897 1925 1928 1934 1937 1938 1947 1948 1955 1958
 1960 1963 1965 1971 1975 1976 1980 1988 1991 2001 2005 2006 2011 2018
 2037 2042 2043 2043 2045 2057 2059 2071 2071 2074 2077 2078 2080 2081
 2081 2084 2087 2092 2101 2101 2103 2132 2135 2135 2141 2142 2168 2175
 2175 2179 2181 2181 2181 2183 2187 2191 2199 2205 2211 2212 2217 2223
 2223 2229 2230 2235 2238 2239 2242 2250 2254 2261 2272 2273 2275 2276
 2278 2280 2282 2284 2284 2284 2290 2296 2305 2314 2321 2363 2374 2395
 2398 2399 2400 2403 2405 2410 2427 2435 2445 2447 2451 2454 2459 2460
 2461 2461 2461 2482 2490 2494 2498 2508 2518 2519 2532 2532 2534 2536
 2555 2565 2569 2574 2577 2589 2591 2600 2601 2605 2624 2625 2627 2629
 2631 2635 2636 2637 2641 2646 2649 2649 2652 2652 2663 2666 2667 2669
 2670 2675 2677 2682 2683 2691 2696 2701 2702 2702 2707 2712 2712 2714
 2717 2723 2726 2733 2735 2738 2740 2747 2748 2752 2754 2755 2755 2761
 2761 2762 2762 2763 2769 2774 2777 2795 2798 2821 2829 2829 2831 2839
 2842 2846 2846 2851 2851 2872 2872 2880 2883 2884 2887 2890 2892 2893
 2922 2926 2938 2943 2952 2955 2957 2958 2966 2971 2973 2973 2981 2982
 3002 3006 3007 3008 3011 3012 3017 3023 3026 3026 3027 3034 3036 3043
 3049 3065 3069 3078 3083 3087 3098 3099 3104 3105 3109 3116 3120 3121
 3125 3128 3128 3134 3135 3139 3142 3143 3145 3149 3153 3171 3178 3181
 3183 3186 3190 3208 3208 3211 3226 3228 3231 3231 3232 3232 3250 3253
 3265 3268 3271 3281 3285 3286 3288 3291 3293 3294 3295 3295 3297 3297
 3298 3302 3317 3321 3324 3324 3327 3333 3333 3338 3343 3347 3352 3356
 3358 3362 3372 3375 3378 3385 3396 3400 3410 3411 3426 3429 3439 3439
 3439 3444 3447 3451 3451 3460 3461 3463 3465 3467 3473 3474 3474 3480
 3483 3489 3505 3509 3509 3514 3515 3516 3523 3538 3544 3552 3557 3560
 3565 3569 3576 3583 3586 3587 3588 3592 3594 3610 3617 3623 3625 3630
 3631 3641 3647 3650 3654 3687 3691 3693 3696 3697 3698 3699 3701 3714
 3716 3726 3727 3730 3741 3742 3743 3748 3748 3748 3760 3765 3780 3786
 3801 3803 3806 3806 3807 3807 3819 3824 3827 3837 3841 3842 3843 3844
 3846 3853 3853 3859 3867 3869 3870 3871 3880 3880 3880 3883 3892 3893
 3905 3908 3912 3912 3917 3920 3923 3924 3931 3932 3939 3940 3944 3948
 3955 3955 3959 3960 3961 3961 3973 3979 4002 4015 4019 4020 4021 4030
 4037 4046 4048 4053 4056 4056 4066 4069 4073 4087 4088 4090 4091 4093
 4094]
sampled_K: (841, 1024)
rescaling_coefficients: (841,)
SK: (841, 1024)
Sb: (841,)
normal matrix: (1024, 1024)
x: (1024,)
time: 6.1727164210000005
loss: 1.7701208200632368
