###################################
2022-05-16 23:50:12.199989
Namespace(ndim=2, rows=2048, cols=8, alg=4, seed=1, l2_regularization=0.001, epsilon=0.1, delta=0.01, alpha=1e-05, samples=0)
leverage_scores: [8.000000004121382, 8.00000000113097]
num_columns: 64
num_samples: 388
samples: 0 388 [   0    2    9    9   15   41   42   42   60   60   63   65   68   75
   78   81   86   87   90   92  100  124  125  125  128  133  135  138
  139  141  160  163  171  173  178  178  183  186  187  191  193  200
  203  203  204  228  247  247  249  251  282  287  289  289  298  307
  307  310  314  314  324  328  337  341  342  348  357  357  357  363
  367  382  386  391  401  410  412  414  415  416  425  428  436  439
  442  463  463  464  465  470  485  487  492  494  501  514  523  526
  532  532  538  548  549  552  558  558  561  565  568  571  572  573
  580  587  593  596  597  610  612  613  620  622  637  640  643  648
  681  693  693  697  698  698  701  704  709  709  717  720  725  728
  732  735  737  738  738  744  744  754  756  758  762  766  771  776
  777  781  781  782  791  791  813  821  833  837  847  856  869  869
  869  902  903  906  907  908  916  917  934  940  941  951  954  960
  960  969  989  990 1006 1014 1014 1020 1024 1036 1040 1043 1044 1045
 1048 1055 1062 1065 1079 1087 1092 1093 1094 1098 1098 1098 1118 1123
 1127 1131 1134 1142 1144 1145 1164 1167 1181 1184 1187 1190 1200 1205
 1217 1219 1233 1236 1241 1242 1247 1261 1262 1276 1281 1283 1290 1291
 1297 1309 1309 1317 1318 1318 1323 1326 1329 1329 1330 1330 1336 1337
 1337 1342 1344 1355 1366 1372 1376 1386 1388 1388 1389 1391 1396 1396
 1397 1404 1419 1421 1422 1432 1443 1443 1444 1446 1446 1451 1452 1453
 1462 1463 1467 1470 1474 1476 1483 1486 1494 1494 1495 1506 1508 1515
 1515 1520 1520 1521 1522 1528 1532 1539 1540 1542 1543 1548 1550 1567
 1571 1571 1591 1594 1597 1599 1600 1606 1606 1615 1629 1629 1632 1633
 1636 1642 1649 1651 1662 1665 1670 1688 1706 1720 1725 1736 1737 1744
 1746 1748 1765 1767 1771 1777 1781 1788 1789 1790 1792 1795 1809 1812
 1813 1817 1828 1831 1836 1838 1842 1847 1847 1852 1856 1862 1878 1901
 1904 1913 1915 1926 1928 1930 1937 1943 1943 1949 1965 1974 1974 1984
 1986 1987 2003 2017 2021 2028 2033 2037 2039 2047]
samples: 1 388 [  31   31   36   38   38   41   45   52   55   57   57   62   62   71
   77   84   92   95   96   99  106  109  118  118  120  122  125  126
  128  132  133  135  146  155  157  158  173  174  175  180  182  185
  185  186  187  202  211  216  219  219  221  222  232  233  234  236
  240  240  256  268  270  275  291  293  303  303  307  308  313  324
  326  337  339  340  347  363  368  375  377  379  386  386  392  401
  405  406  407  413  417  421  422  427  429  431  433  433  436  436
  448  448  451  451  456  460  473  478  478  487  490  490  513  530
  536  540  542  552  555  560  560  569  571  573  587  593  597  600
  600  603  608  609  610  613  622  629  636  636  647  650  654  667
  673  673  677  679  681  684  698  711  728  733  740  740  741  743
  749  751  759  760  765  770  779  780  783  789  794  798  809  810
  816  822  830  830  830  832  834  848  852  860  880  884  884  907
  910  916  921  922  924  928  928  930  934  935  944  946  947  950
  964  976  979  981  985  999 1008 1008 1035 1039 1048 1050 1051 1055
 1062 1067 1071 1075 1077 1091 1096 1100 1100 1113 1115 1115 1122 1124
 1134 1155 1166 1166 1170 1170 1170 1179 1189 1195 1200 1201 1209 1212
 1213 1226 1227 1229 1229 1234 1238 1240 1240 1244 1247 1253 1253 1254
 1262 1262 1270 1272 1274 1276 1277 1280 1290 1292 1293 1294 1298 1302
 1306 1308 1311 1319 1348 1356 1358 1362 1372 1382 1389 1395 1398 1399
 1434 1436 1437 1438 1450 1452 1456 1459 1493 1503 1507 1507 1520 1521
 1527 1529 1538 1542 1543 1546 1550 1551 1557 1563 1570 1573 1573 1576
 1580 1593 1617 1617 1617 1624 1628 1629 1636 1636 1636 1638 1644 1646
 1646 1654 1655 1659 1677 1685 1702 1722 1723 1734 1734 1742 1748 1749
 1750 1753 1772 1772 1781 1784 1784 1788 1794 1799 1799 1802 1803 1813
 1820 1820 1826 1829 1833 1838 1841 1846 1846 1857 1864 1866 1868 1872
 1879 1881 1886 1892 1896 1906 1906 1916 1916 1928 1942 1947 1955 1957
 1964 1972 1977 1980 1985 2009 2024 2025 2025 2031]
sampled_K: (388, 64)
rescaling_coefficients: (388,)
SK: (388, 64)
Sb: (388,)
normal matrix: (64, 64)
x: (64,)
time: 0.01385006600000005
loss: 1.0793586010900436
