###################################
2022-05-16 23:51:35.844371
Namespace(ndim=2, rows=2048, cols=16, alg=4, seed=1, l2_regularization=0.001, epsilon=0.1, delta=0.01, alpha=1e-06, samples=0)
leverage_scores: [15.999999996013386, 16.00000000533901]
num_columns: 256
num_samples: 182
samples: 0 182 [   1    7    7   10   21   29   69   75   78   92   93   98  116  121
  123  128  133  136  145  145  149  153  167  200  240  278  286  310
  312  329  334  344  368  375  401  402  425  440  449  453  455  455
  488  493  501  522  525  533  553  555  578  582  585  585  602  611
  627  631  660  687  690  699  720  723  742  743  748  774  775  779
  786  806  811  827  838  838  838  843  843  851  862  868  868  869
  888  890  895  905  925  962  985  988 1002 1010 1018 1041 1055 1067
 1074 1075 1083 1089 1096 1101 1114 1115 1115 1136 1159 1225 1226 1252
 1253 1260 1267 1268 1276 1286 1292 1317 1336 1353 1365 1389 1420 1420
 1428 1442 1460 1474 1488 1498 1502 1503 1510 1514 1549 1551 1553 1558
 1563 1570 1570 1601 1610 1612 1617 1623 1631 1655 1657 1662 1721 1722
 1738 1772 1798 1810 1816 1826 1826 1832 1840 1845 1870 1871 1880 1895
 1897 1922 1922 1927 1975 1977 2006 2007 2018 2027 2030 2032 2034 2042]
samples: 1 182 [   9   11   23   34   39   43   49   97  123  124  144  190  198  207
  234  240  241  244  245  246  248  251  266  274  274  291  297  308
  308  319  329  354  355  369  379  420  424  427  432  439  441  450
  461  462  478  488  504  508  517  553  563  582  585  590  594  596
  601  606  639  639  646  655  671  676  678  679  682  686  709  747
  757  762  773  778  778  782  783  785  786  828  838  870  879  879
  885  895  901  926  934  939  941  947  953  973  979  988  990 1014
 1025 1028 1043 1080 1082 1089 1094 1109 1126 1137 1167 1212 1258 1265
 1271 1274 1287 1299 1311 1325 1329 1332 1338 1341 1362 1370 1373 1380
 1383 1394 1451 1453 1470 1479 1507 1510 1511 1515 1523 1523 1531 1532
 1536 1543 1543 1545 1554 1571 1643 1646 1651 1654 1660 1670 1675 1677
 1678 1689 1724 1741 1759 1769 1782 1793 1827 1845 1848 1852 1862 1877
 1879 1891 1904 1927 1929 1932 1934 1937 2016 2016 2017 2018 2024 2044]
sampled_K: (182, 256)
rescaling_coefficients: (182,)
SK: (182, 256)
Sb: (182,)
normal matrix: (256, 256)
x: (256,)
time: 0.08727643899999982
loss: 0.626322780545178
