###################################
2022-05-16 23:48:46.294653
Namespace(ndim=2, rows=512, cols=4, alg=4, seed=0, l2_regularization=0.001, epsilon=0.1, delta=0.01, alpha=1e-05, samples=0)
leverage_scores: [3.999999998173509, 3.999999999287645]
num_columns: 16
num_samples: 79
samples: 0 79 [  1   5   5   6  10  22  25  59  67  75  84  87  93  95  95 101 101 109
 120 123 133 137 137 144 165 192 212 216 217 217 220 223 224 228 230 232
 234 234 239 239 249 253 254 268 275 277 280 296 299 300 314 320 332 343
 343 361 367 373 383 384 384 387 396 410 417 425 427 435 446 449 454 464
 469 470 472 476 489 491 499]
samples: 1 79 [ 10  26  51  63  69  74  81  82  86  86 111 116 128 132 132 135 140 150
 167 169 173 176 208 216 218 221 221 227 242 244 250 251 267 267 278 284
 304 304 310 312 322 332 341 346 347 355 359 367 371 372 374 380 387 391
 391 402 404 405 412 415 420 434 435 438 445 448 453 454 461 465 465 481
 488 489 490 492 496 498 499]
sampled_K: (79, 16)
rescaling_coefficients: (79,)
SK: (79, 16)
Sb: (79,)
normal matrix: (16, 16)
x: (16,)
time: 0.0036869719999998996
loss: 0.1437799587613483
