###################################
2022-05-16 23:48:35.435810
Namespace(ndim=2, rows=128, cols=4, alg=4, seed=0, l2_regularization=0.001, epsilon=0.1, delta=0.01, alpha=1e-05, samples=0)
leverage_scores: [4.0000000012849375, 3.999999998157177]
num_columns: 16
num_samples: 79
samples: 0 79 [  4   4   5   6   6   8   9   9  10  10  13  14  16  17  18  21  25  25
  25  26  27  32  33  35  36  36  37  37  38  40  40  40  40  45  46  47
  48  55  59  66  67  68  69  69  70  70  71  73  74  81  81  83  83  84
  85  87  87  87  89  90  96  97  99 101 101 101 101 104 105 114 116 116
 118 121 121 121 123 126 127]
samples: 1 79 [  3   4   4   4   7  12  12  12  14  16  24  24  28  28  34  37  39  39
  40  42  42  44  44  46  47  49  49  51  55  55  56  56  57  58  59  59
  59  63  64  65  65  66  76  78  82  84  84  86  86  87  88  92  92  92
  93  98 100 100 102 103 104 104 105 110 111 111 111 112 113 114 117 118
 119 120 123 123 125 125 127]
sampled_K: (79, 16)
rescaling_coefficients: (79,)
SK: (79, 16)
Sb: (79,)
normal matrix: (16, 16)
x: (16,)
time: 0.001682800999999845
loss: 0.009800153393617726
