###################################
2022-05-16 23:48:37.603492
Namespace(ndim=2, rows=128, cols=4, alg=4, seed=2, l2_regularization=0.001, epsilon=0.1, delta=0.01, alpha=1e-05, samples=0)
leverage_scores: [4.0000000010243175, 4.000000000062655]
num_columns: 16
num_samples: 79
samples: 0 79 [  1   1   7   7   8   9   9   9  10  11  16  16  18  18  19  19  19  23
  24  24  29  29  30  31  34  34  36  37  38  39  42  42  46  50  55  55
  55  61  64  64  65  70  70  70  71  72  73  73  73  77  77  80  86  89
  89  89  96  96  96 101 102 102 106 109 109 114 114 114 119 119 120 120
 122 122 122 125 125 127 127]
samples: 1 79 [  0   0   3   3   3   3   3   6   6   6   7   9  10  13  15  17  19  20
  23  23  23  23  23  23  24  27  28  31  31  33  38  40  42  44  47  48
  48  52  55  56  61  63  64  68  71  71  72  72  72  72  73  78  80  80
  80  84  84  86  87  87  87  89  93  95  95  95 104 107 110 110 111 114
 116 119 119 122 123 125 126]
sampled_K: (79, 16)
rescaling_coefficients: (79,)
SK: (79, 16)
Sb: (79,)
normal matrix: (16, 16)
x: (16,)
time: 0.001663010999999992
loss: 0.009098895703628571
