###################################
2022-05-16 23:49:26.774672
Namespace(ndim=2, rows=16384, cols=4, alg=4, seed=1, l2_regularization=0.001, epsilon=0.1, delta=0.01, alpha=1e-05, samples=0)
leverage_scores: [3.9999999816966767, 4.0000000018242226]
num_columns: 16
num_samples: 79
samples: 0 79 [  234   292   331  1416  1696  1971  2054  2336  2350  2400  2447  2718
  2991  3012  3019  3047  3429  3466  3618  3728  4004  4017  4163  4783
  4979  5004  5004  5130  5319  5406  5620  5733  6394  6939  7086  7136
  7324  7381  7597  7708  7822  7904  7969  8538  8651  8769  9117  9694
  9708  9883  9901 10010 10263 10721 10787 10866 11045 11429 11825 11964
 12018 12032 12262 12357 12815 13050 13135 13580 13953 14079 14860 15385
 15507 15712 15848 15964 16023 16243 16306]
samples: 1 79 [  216   223   484   698   802  1281  1321  1551  1720  2197  2353  2654
  2669  2731  3898  3983  4002  4096  4101  4258  4523  4688  4985  4988
  5065  5100  5199  5586  6376  6413  6430  6837  7190  7316  7343  7624
  7744  7800  7986  8202  8260  8383  8444  8545  8607  8781  8840  8926
  9096  9179  9668  9697  9886 10737 11024 11223 11413 11660 11715 11810
 11916 12096 12176 12352 12626 12667 12668 12686 12742 12835 14306 14795
 15013 15207 15259 16048 16092 16174 16244]
sampled_K: (79, 16)
rescaling_coefficients: (79,)
SK: (79, 16)
Sb: (79,)
normal matrix: (16, 16)
x: (16,)
time: 0.07163152700000008
loss: 148.69632338474946
