###################################
2022-05-16 23:55:06.435658
Namespace(ndim=2, rows=512, cols=32, alg=4, seed=2, l2_regularization=0.001, epsilon=0.1, delta=0.01, alpha=1e-06, samples=0)
leverage_scores: [31.999999998906105, 31.999999998132154]
num_columns: 1024
num_samples: 841
samples: 0 841 [  0   1   2   2   2   3   3   3   3   3   3   4   4   5   6   6   7  10
  11  11  12  12  13  14  15  15  15  15  16  16  16  16  16  17  17  18
  18  19  20  21  21  23  23  23  25  25  25  26  26  27  28  28  28  28
  29  31  31  32  33  33  33  33  35  35  35  36  39  39  39  41  41  41
  43  43  43  43  43  44  44  45  45  45  46  48  49  49  50  50  50  51
  51  53  54  54  55  57  58  59  60  63  63  64  64  64  64  65  65  67
  67  68  68  68  69  69  69  70  70  72  73  73  74  74  75  75  76  76
  77  77  78  79  79  81  81  81  82  82  82  82  82  83  83  84  84  84
  84  85  87  87  87  89  89  89  89  90  90  90  90  91  91  91  91  91
  91  92  92  92  92  93  93  94  94  94  94  94  94  95  95  98  99  99
  99  99 102 102 103 103 104 104 104 105 105 105 106 106 108 109 109 110
 112 113 113 114 114 114 114 115 116 116 119 119 119 120 120 121 122 123
 123 123 123 124 124 125 125 125 127 128 128 129 129 131 131 131 132 132
 132 133 133 134 136 136 137 137 138 138 139 139 140 140 141 144 145 145
 145 146 148 149 149 149 150 150 153 153 154 154 155 155 155 155 156 158
 159 159 162 164 165 165 165 165 165 170 170 171 171 171 172 177 177 177
 179 181 181 183 184 185 186 187 188 190 190 191 191 191 192 192 192 192
 192 193 194 194 195 195 195 195 196 197 197 198 198 199 199 199 200 200
 200 200 200 201 201 202 203 203 203 203 203 206 206 206 207 207 207 208
 208 209 209 211 211 212 212 212 213 214 214 214 215 215 215 215 216 216
 217 217 218 218 219 219 220 220 222 222 224 225 225 226 227 227 228 228
 228 228 229 230 230 231 232 232 235 236 237 237 237 238 238 238 238 238
 239 239 240 240 241 241 242 242 243 243 244 244 245 245 247 248 248 249
 249 250 251 251 252 254 255 255 256 258 260 261 262 263 264 266 267 268
 269 269 270 271 271 271 272 272 272 272 272 272 273 273 273 274 275 276
 276 276 276 276 278 278 278 278 279 279 280 280 280 282 283 283 284 285
 286 286 287 287 287 288 288 291 291 292 292 293 293 293 295 297 297 298
 298 299 299 299 299 299 300 303 304 307 308 308 311 312 313 314 314 316
 316 316 317 317 318 318 318 319 320 320 321 322 322 323 323 323 325 325
 325 327 327 329 330 330 330 333 334 334 334 335 335 335 336 337 337 337
 337 339 339 339 340 340 340 340 341 341 341 341 341 342 342 342 343 343
 344 345 346 346 346 347 347 348 348 348 348 349 349 349 350 350 351 351
 351 352 352 352 352 354 354 354 354 354 355 356 356 357 357 357 358 358
 358 358 360 361 361 362 363 364 364 365 366 366 366 366 367 368 369 369
 370 370 370 370 371 371 372 373 373 373 374 375 375 377 377 379 380 382
 383 384 384 385 385 385 385 387 388 389 389 391 393 394 394 395 396 397
 398 398 401 401 402 402 403 403 404 404 404 405 405 405 406 406 407 407
 407 408 410 410 410 413 413 414 415 416 416 417 417 417 419 420 420 420
 421 421 421 422 423 423 424 424 424 424 427 428 428 428 428 429 431 431
 433 433 433 433 433 434 435 435 435 435 435 438 438 438 439 440 440 441
 441 442 442 442 443 444 446 447 448 449 449 449 449 451 451 452 452 453
 454 454 454 456 456 457 458 458 458 459 460 461 462 463 464 464 465 465
 467 467 467 467 468 469 469 470 470 471 472 473 473 473 474 474 475 475
 475 475 476 476 476 477 477 478 478 478 478 479 479 480 480 480 481 482
 482 482 483 483 483 483 484 485 485 485 486 487 487 487 488 488 488 489
 489 491 491 491 491 494 495 495 495 495 496 496 497 498 498 498 499 499
 501 502 502 503 504 504 505 506 508 509 509 510 511]
samples: 1 841 [  0   1   1   2   2   2   3   3   4   5   5   6   9   9   9  10  10  10
  11  12  12  12  13  13  13  14  14  15  15  15  16  16  16  16  17  18
  18  19  19  19  20  20  20  20  20  21  21  21  22  24  24  24  25  25
  26  26  26  27  27  27  28  29  29  30  30  31  33  34  34  34  34  36
  37  38  38  38  39  39  39  39  40  40  40  40  40  41  41  43  44  44
  44  44  46  49  49  50  55  56  56  56  57  57  57  57  57  57  58  58
  58  59  59  59  60  60  61  64  66  67  67  68  68  69  69  69  70  70
  70  70  71  73  74  74  74  75  75  78  80  80  80  81  81  82  82  83
  84  85  85  87  87  88  88  89  92  92  93  93  93  93  93  93  94  94
  96  96  97  97  98  99  99 100 100 102 103 103 103 104 104 104 105 107
 107 107 108 108 108 109 109 111 111 111 112 114 114 114 114 114 115 115
 117 117 117 117 119 119 119 120 121 122 122 122 123 123 124 124 124 124
 125 125 125 126 126 127 127 129 129 129 130 135 135 135 135 135 136 137
 138 138 138 138 139 140 141 141 141 141 143 143 143 144 145 145 146 146
 148 148 148 149 151 151 152 152 153 153 153 153 154 154 155 156 156 158
 158 158 159 159 161 161 162 164 164 164 164 165 167 169 169 169 169 172
 172 173 173 174 175 175 176 178 178 178 179 179 179 180 180 181 181 181
 181 182 182 183 183 184 184 185 185 185 186 186 186 186 188 188 189 191
 191 191 191 192 192 192 192 194 194 195 195 195 196 196 196 196 197 197
 198 199 201 202 202 203 203 204 206 209 210 211 211 212 212 215 219 219
 220 220 220 221 221 222 223 224 225 226 227 227 227 227 228 228 229 230
 231 231 233 234 234 234 235 235 236 236 236 238 238 238 238 239 239 239
 241 242 242 246 246 246 247 248 248 248 248 248 249 249 250 251 251 251
 252 252 252 252 253 253 254 254 254 255 257 258 258 258 259 259 260 260
 260 264 264 265 266 266 266 266 266 267 267 267 267 267 268 268 268 269
 270 271 271 271 272 272 272 273 275 275 275 276 278 278 279 279 280 280
 280 281 281 281 281 281 283 284 284 284 284 284 285 286 287 287 287 287
 289 289 289 290 291 291 292 292 293 293 296 296 299 301 301 302 302 303
 303 304 304 306 306 307 310 310 311 312 312 313 313 315 316 316 317 318
 318 318 318 318 320 320 321 321 323 323 323 324 324 325 325 326 326 326
 327 327 327 328 328 329 329 330 330 331 331 331 332 332 332 334 334 334
 335 336 336 336 337 337 339 339 339 339 340 341 342 342 343 344 344 344
 344 344 345 345 345 345 346 346 346 347 347 349 349 349 350 350 350 351
 352 354 354 355 355 357 357 358 358 360 361 361 362 363 364 364 364 364
 365 365 366 367 367 367 368 369 369 370 371 371 371 372 374 375 376 376
 377 377 377 378 382 382 382 382 383 384 385 386 386 387 387 388 389 389
 389 390 390 391 391 392 393 394 394 395 396 396 397 398 398 398 398 399
 399 399 400 400 400 400 401 401 401 401 402 402 403 403 403 406 407 407
 407 407 409 409 410 410 410 411 411 412 412 413 413 413 415 415 415 416
 417 418 418 419 420 420 420 420 420 421 422 423 424 424 424 425 428 428
 429 429 432 434 434 434 435 436 436 437 438 438 439 441 445 446 446 446
 447 447 447 449 449 450 450 450 453 454 456 456 457 457 458 459 460 461
 461 462 462 463 465 466 466 468 468 468 468 468 470 471 472 473 476 477
 478 478 478 479 479 479 481 483 483 483 484 485 486 486 487 487 487 488
 488 489 489 490 490 491 492 493 493 493 494 494 498 498 498 498 498 499
 500 501 502 502 502 502 502 503 504 505 505 505 505 506 506 506 507 507
 507 508 509 509 509 510 510 510 510 511 511 511 511]
sampled_K: (841, 1024)
rescaling_coefficients: (841,)
SK: (841, 1024)
Sb: (841,)
normal matrix: (1024, 1024)
x: (1024,)
time: 6.057243378999999
loss: 0.016274802720880173
