###################################
2022-05-16 23:24:07.081781
Namespace(ndim=2, rows=16384, cols=8, alg=4, seed=0, l2_regularization=0.001, epsilon=0.1, delta=0.01, alpha=1e-06, samples=0)
leverage_scores: [8.000000000150594, 8.000000017582954]
num_columns: 64
num_samples: 38
samples: 0 38 [  396  1028  1704  1731  1789  3063  3099  3142  3202  3686  4622  4639
  5266  5681  6436  6904  7309  8090  8613  8816  9224  9662 10149 10375
 11233 11802 12093 12888 13151 13952 14054 14173 14727 14868 15009 15086
 15323 15733]
samples: 1 38 [   13   245  1640  3191  3364  3779  4118  4356  5519  6420  7078  7182
  7280  7858  7988  8158  8733  9072  9138 10076 10090 10191 10240 10403
 10497 11516 11957 12075 12145 14045 14361 14866 14907 14912 14949 15874
 15906 16217]
sampled_K: (38, 64)
rescaling_coefficients: (38,)
SK: (38, 64)
Sb: (38,)
normal matrix: (64, 64)
x: (64,)
time: 0.08138923399999998
loss: 127.12475315619811
