###################################
2022-05-16 23:55:43.098071
Namespace(ndim=2, rows=1024, cols=32, alg=4, seed=1, l2_regularization=0.001, epsilon=0.1, delta=0.01, alpha=1e-06, samples=0)
leverage_scores: [31.999999999659288, 31.999999995661955]
num_columns: 1024
num_samples: 841
samples: 0 841 [   0    1    3    3    3    4    5    5    6    7   10   11   12   15
   17   17   20   20   21   22   24   25   28   28   28   28   34   35
   36   36   37   37   39   39   39   46   47   48   48   49   49   49
   52   54   56   58   60   60   61   61   62   63   63   64   66   67
   68   68   71   71   72   72   72   75   76   76   76   80   81   82
   83   85   93   96   98   99  100  103  103  108  109  111  111  112
  112  114  116  116  119  121  121  121  122  123  123  123  124  126
  126  128  128  128  130  132  135  135  138  138  142  142  142  145
  145  147  147  148  149  151  151  153  154  154  154  155  156  157
  162  164  165  166  168  169  171  171  174  175  181  183  183  184
  184  185  186  187  188  188  191  191  194  194  197  197  199  200
  201  201  201  202  203  207  208  210  211  211  211  214  217  217
  217  218  219  219  220  222  223  224  225  225  226  227  227  227
  228  230  230  232  235  237  237  242  242  242  243  245  245  249
  249  250  255  257  259  260  260  260  261  261  262  262  263  265
  265  266  266  267  267  268  268  269  269  272  272  273  274  275
  275  276  277  277  279  279  279  280  285  287  288  288  288  289
  290  291  291  291  291  292  295  296  299  300  300  304  308  308
  310  312  314  314  316  317  318  318  318  321  321  322  323  324
  325  326  327  329  330  332  333  333  335  336  336  336  337  338
  338  340  341  341  342  344  346  347  347  348  349  349  351  352
  352  354  358  358  358  359  359  362  362  366  369  370  370  371
  373  373  374  375  376  377  378  381  382  385  385  386  386  386
  387  388  388  389  390  391  401  402  403  403  404  404  404  405
  409  410  410  410  411  412  412  412  415  416  417  417  417  417
  419  420  420  421  424  424  428  429  432  432  432  433  433  433
  436  437  441  443  443  444  445  446  447  448  449  451  457  460
  461  464  464  467  468  468  470  471  471  474  476  477  477  479
  479  481  486  490  491  491  492  492  494  494  494  496  497  498
  499  499  502  503  507  509  512  513  514  515  515  515  515  518
  519  520  521  522  524  526  526  528  530  531  531  532  535  535
  536  538  539  539  539  540  542  543  543  544  544  545  546  547
  549  553  553  556  556  556  556  556  559  560  563  566  566  567
  572  574  575  579  580  581  582  583  583  585  587  588  588  591
  594  596  596  602  606  608  611  612  612  621  621  623  624  625
  626  626  628  629  630  632  632  632  633  633  634  634  636  637
  640  641  642  644  644  646  646  647  647  650  650  652  652  655
  656  657  659  659  660  660  661  662  663  664  665  665  665  666
  666  666  668  675  675  676  681  681  681  682  682  683  687  687
  687  689  689  690  691  692  692  692  693  693  694  695  697  700
  702  704  707  707  709  709  709  709  709  712  719  720  720  722
  727  728  728  729  729  730  735  736  736  737  738  739  742  742
  742  743  744  747  748  748  749  750  750  750  754  754  755  756
  756  756  757  757  757  757  758  760  761  763  763  768  768  769
  771  774  774  774  775  775  775  776  776  778  778  779  780  780
  783  784  784  784  784  785  786  786  786  786  786  788  790  790
  791  792  794  797  798  800  800  800  804  805  806  807  811  811
  811  811  812  813  814  819  819  822  823  825  826  826  827  827
  828  830  830  832  832  833  834  834  835  837  838  839  839  840
  840  840  840  841  841  842  843  843  847  851  852  856  858  860
  860  866  866  867  867  868  869  873  874  875  875  875  876  876
  878  879  885  886  886  887  888  893  895  896  898  898  899  900
  903  903  903  905  906  906  907  907  908  910  910  911  912  912
  913  913  915  916  916  916  917  917  919  920  921  922  926  927
  928  928  928  929  931  933  934  935  935  936  937  939  939  940
  941  942  943  944  945  945  945  945  947  948  950  950  951  952
  953  955  955  956  961  961  961  962  962  963  963  964  964  964
  964  965  966  967  968  968  971  971  972  972  973  974  978  978
  979  987  988  989  989  995  997 1003 1004 1004 1004 1005 1006 1007
 1007 1007 1009 1009 1009 1011 1012 1013 1013 1013 1015 1016 1017 1021
 1022]
samples: 1 841 [   0    0    1    3    4    5    7    7    8    9   10   12   13   13
   14   14   15   15   15   15   16   16   21   21   22   24   25   25
   26   29   30   31   32   32   34   34   35   36   37   37   40   41
   41   42   42   44   45   46   47   51   52   53   55   55   55   57
   57   60   60   61   61   61   62   64   65   65   67   68   69   70
   70   77   77   78   78   79   79   79   79   81   81   82   84   86
   89   93   97  104  105  113  114  114  114  114  116  118  119  120
  121  124  129  129  130  131  135  136  136  137  139  141  141  142
  145  146  147  152  152  154  155  155  158  159  161  163  167  167
  167  168  168  169  169  170  171  172  172  172  172  172  173  174
  175  175  176  178  181  182  182  183  184  186  187  187  187  194
  194  195  196  196  196  200  200  200  200  203  205  207  207  211
  211  212  212  213  215  215  215  216  217  217  220  220  221  221
  222  222  222  223  223  224  225  227  227  228  229  231  232  232
  233  234  234  235  235  236  237  237  238  240  241  242  242  243
  243  246  249  249  251  253  253  254  255  257  258  259  261  262
  263  266  266  269  269  272  274  276  277  278  279  282  283  284
  287  287  288  291  292  292  292  293  293  293  294  295  297  297
  297  299  300  301  301  301  302  303  303  305  306  306  307  311
  312  313  315  315  318  319  320  323  324  328  329  329  329  334
  335  336  338  339  339  342  343  343  346  346  346  347  347  349
  351  352  353  353  354  357  361  362  363  364  364  365  365  366
  368  370  370  371  373  373  374  375  375  376  376  377  379  379
  379  380  380  381  382  382  383  384  384  385  385  389  390  392
  394  394  396  396  396  396  396  397  398  400  400  401  403  404
  405  409  412  414  414  414  418  418  422  423  423  426  428  428
  429  430  431  432  432  434  436  437  438  439  439  443  443  444
  446  446  446  449  451  452  455  455  456  457  457  458  458  458
  460  461  462  464  464  466  467  470  472  473  473  473  475  476
  478  480  481  484  486  486  489  491  491  491  493  498  499  505
  506  507  507  508  509  512  513  513  514  520  521  521  522  523
  524  524  524  525  529  531  532  532  538  540  543  543  547  547
  549  549  550  551  551  551  551  552  553  555  555  555  556  557
  561  562  564  566  567  567  571  571  572  576  577  577  578  579
  579  581  582  584  585  586  589  590  591  592  594  596  601  601
  602  604  607  608  609  609  609  610  613  613  614  618  618  618
  620  624  624  625  627  627  628  631  633  633  633  636  637  637
  638  640  645  646  647  647  648  648  649  649  655  657  657  658
  660  660  663  663  668  670  674  677  678  679  679  681  682  683
  685  686  686  687  693  693  694  694  696  697  702  704  706  706
  706  706  706  707  707  708  709  709  710  710  710  713  714  715
  716  716  716  719  719  720  721  721  721  722  722  723  723  723
  724  724  726  726  728  730  731  731  731  734  735  735  737  742
  742  742  742  742  743  743  745  748  749  751  753  755  757  758
  759  759  760  762  762  763  763  765  765  765  767  767  769  771
  771  773  773  774  774  778  778  778  780  780  782  783  784  785
  785  788  788  790  793  793  793  794  794  798  800  800  800  802
  802  803  804  806  806  806  808  810  810  810  811  812  812  812
  812  815  816  819  821  821  822  824  824  827  828  830  830  832
  834  836  836  837  837  840  841  841  842  842  843  844  845  845
  847  848  849  855  855  856  859  860  861  862  863  864  864  865
  865  866  866  866  867  867  870  871  871  871  871  872  872  873
  874  874  874  875  876  877  877  880  882  883  886  886  888  889
  890  890  891  891  892  893  894  895  895  898  899  900  900  904
  904  906  908  908  910  911  911  911  914  917  918  919  921  924
  927  929  932  934  935  936  939  940  941  943  943  947  949  950
  951  952  952  952  953  954  954  954  956  956  957  958  958  958
  960  960  961  962  963  964  964  965  966  966  966  969  970  970
  970  971  973  981  983  984  987  989  989  991  997  998 1000 1001
 1003 1003 1003 1004 1005 1008 1008 1009 1012 1014 1015 1016 1021 1023
 1023]
sampled_K: (841, 1024)
rescaling_coefficients: (841,)
SK: (841, 1024)
Sb: (841,)
normal matrix: (1024, 1024)
x: (1024,)
time: 6.228542047
loss: 0.07185545932114322
