###################################
2022-05-16 23:50:27.002481
Namespace(ndim=2, rows=8192, cols=8, alg=4, seed=1, l2_regularization=0.001, epsilon=0.1, delta=0.01, alpha=1e-05, samples=0)
leverage_scores: [7.999999999410392, 8.000000009111915]
num_columns: 64
num_samples: 388
samples: 0 388 [  78  106  110  118  137  140  148  167  242  320  351  352  403  411
  494  506  523  523  575  651  668  705  712  752  752  753  784  841
  852  853  871  878  931  982  989 1032 1039 1071 1092 1098 1098 1154
 1167 1172 1182 1184 1206 1230 1324 1342 1342 1347 1362 1367 1375 1430
 1459 1478 1494 1501 1511 1514 1517 1523 1529 1603 1678 1705 1722 1741
 1763 1796 1816 1869 1926 1946 1990 2002 2012 2020 2035 2056 2057 2089
 2094 2115 2134 2166 2177 2205 2222 2227 2263 2285 2324 2341 2369 2402
 2462 2495 2498 2499 2509 2509 2529 2537 2541 2544 2577 2589 2598 2631
 2665 2710 2745 2752 2754 2782 2816 2848 2872 2888 2901 2991 3035 3111
 3122 3149 3161 3201 3210 3220 3223 3225 3244 3257 3276 3279 3286 3301
 3325 3423 3432 3463 3481 3556 3560 3577 3579 3599 3608 3615 3632 3660
 3667 3677 3682 3701 3717 3735 3788 3806 3810 3812 3824 3865 3865 3875
 3875 3905 3908 3924 3948 3954 3959 3966 3998 3999 4002 4002 4014 4014
 4111 4118 4129 4139 4161 4164 4187 4195 4195 4207 4224 4279 4283 4291
 4313 4331 4339 4379 4393 4401 4425 4426 4428 4429 4436 4444 4444 4472
 4526 4570 4573 4574 4594 4610 4614 4655 4657 4688 4703 4777 4854 4857
 4864 4870 4876 4945 4957 4969 4969 5021 5040 5043 5063 5083 5151 5152
 5199 5243 5344 5376 5389 5395 5409 5449 5476 5519 5523 5537 5559 5559
 5566 5572 5578 5580 5624 5627 5660 5673 5684 5718 5723 5749 5758 5788
 5805 5842 5861 5868 5916 5921 5926 5954 5959 5963 5979 5988 6019 6024
 6027 6042 6055 6090 6134 6137 6180 6183 6253 6257 6287 6309 6318 6329
 6342 6342 6351 6356 6359 6381 6396 6402 6408 6422 6427 6431 6460 6495
 6515 6519 6526 6569 6593 6605 6640 6654 6684 6729 6744 6798 6909 6982
 7012 7040 7047 7070 7159 7179 7202 7205 7253 7274 7288 7373 7389 7404
 7432 7454 7474 7509 7552 7555 7556 7577 7589 7596 7620 7624 7627 7659
 7664 7666 7689 7693 7693 7722 7741 7753 7784 7817 7838 7839 7856 7871
 7922 7925 7950 7964 7978 7983 7999 8013 8016 8027 8035 8046 8055 8060
 8075 8097 8123 8129 8132 8152 8153 8168 8172 8180]
samples: 1 388 [   6   17   37   83   83  105  124  131  140  151  187  200  213  246
  263  320  333  345  363  396  408  417  429  441  467  484  489  513
  519  525  537  540  589  593  643  654  669  715  744  773  793  856
  859  859  860  904  916  924  936  957  957 1014 1026 1117 1140 1144
 1174 1186 1188 1245 1250 1268 1284 1296 1350 1398 1413 1444 1458 1476
 1477 1481 1517 1521 1538 1544 1559 1594 1599 1612 1642 1715 1728 1758
 1810 1811 1823 1877 1887 1913 1943 1947 1964 1989 1998 2054 2075 2091
 2128 2143 2147 2161 2162 2162 2208 2232 2259 2263 2289 2313 2319 2374
 2415 2416 2458 2473 2566 2569 2578 2586 2597 2610 2624 2630 2647 2655
 2670 2739 2754 2781 2790 2792 2825 2827 2834 2855 2885 2921 2924 2951
 2959 2961 2996 3018 3084 3144 3158 3158 3184 3221 3227 3237 3241 3244
 3285 3285 3292 3333 3334 3335 3348 3404 3467 3480 3489 3503 3509 3514
 3531 3568 3571 3581 3586 3590 3591 3599 3601 3622 3674 3697 3714 3715
 3723 3758 3761 3779 3803 3826 3843 3862 3885 3918 3938 3944 3949 3955
 3994 4027 4102 4112 4173 4188 4188 4229 4273 4278 4282 4290 4365 4367
 4423 4475 4511 4533 4571 4575 4589 4646 4652 4672 4685 4691 4692 4696
 4704 4705 4721 4728 4742 4751 4761 4781 4812 4817 4825 4827 4846 4856
 4875 4920 4930 5028 5060 5067 5099 5126 5132 5164 5177 5261 5262 5349
 5371 5439 5456 5468 5494 5507 5517 5523 5531 5532 5576 5578 5668 5688
 5713 5749 5762 5772 5780 5808 5809 5840 5907 5952 5979 5986 5992 6006
 6018 6025 6026 6065 6075 6102 6194 6229 6241 6249 6253 6272 6279 6296
 6313 6338 6341 6368 6390 6391 6405 6423 6427 6446 6502 6518 6526 6526
 6588 6599 6601 6611 6650 6656 6657 6697 6713 6728 6740 6757 6770 6775
 6785 6794 6795 6802 6802 6838 6848 6882 6883 6897 6976 6987 6992 6998
 7034 7042 7054 7062 7079 7113 7216 7217 7220 7224 7247 7278 7287 7289
 7378 7385 7395 7440 7450 7494 7506 7538 7584 7593 7615 7633 7636 7643
 7676 7707 7711 7718 7721 7763 7775 7790 7819 7828 7937 8003 8061 8078
 8079 8095 8096 8128 8144 8157 8169 8170 8179 8182]
sampled_K: (388, 64)
rescaling_coefficients: (388,)
SK: (388, 64)
Sb: (388,)
normal matrix: (64, 64)
x: (64,)
time: 0.04524352899999995
loss: 19.297512856585726
