###################################
2022-05-16 23:24:15.860424
Namespace(ndim=2, rows=512, cols=16, alg=4, seed=0, l2_regularization=0.001, epsilon=0.1, delta=0.01, alpha=1e-06, samples=0)
leverage_scores: [15.999999998815259, 16.00000000028984]
num_columns: 256
num_samples: 182
samples: 0 182 [  3   5   8  25  26  28  33  37  41  41  43  44  47  48  48  57  57  57
  61  68  75  81  85  88  88 100 104 108 108 110 117 121 121 128 131 134
 138 143 147 148 150 153 156 157 158 161 161 164 165 170 171 171 174 180
 181 183 189 191 192 193 193 200 201 203 215 216 216 220 222 229 232 234
 236 250 255 255 257 259 264 267 268 274 274 279 287 290 295 295 297 301
 302 305 306 306 307 308 312 313 316 316 316 337 338 338 341 342 342 345
 346 347 353 353 353 354 354 354 355 360 365 365 367 374 376 376 376 380
 380 381 384 388 388 396 399 401 408 409 409 412 413 418 418 420 423 425
 435 437 441 443 445 445 448 450 451 451 455 458 462 470 471 473 475 477
 480 480 481 482 482 485 487 491 492 493 494 500 502 503 503 505 506 507
 507 510]
samples: 1 182 [  3   7   9  11  12  13  20  23  23  28  36  39  41  43  50  51  51  56
  56  57  59  60  62  65  66  68  69  74  80  84  84  85  90  98  99 102
 103 106 120 121 129 130 135 135 136 139 139 142 142 145 151 154 158 158
 160 164 167 168 168 171 174 185 185 187 193 195 196 201 205 207 208 212
 214 216 223 225 231 233 236 237 238 241 241 245 251 252 253 258 262 264
 265 274 276 281 283 289 294 303 307 310 313 314 314 319 319 319 321 322
 322 324 326 327 333 334 343 345 348 351 356 358 359 368 368 369 369 371
 372 378 379 382 387 390 390 391 392 393 393 400 402 419 423 424 428 430
 437 438 441 444 445 445 445 447 451 451 459 462 463 463 469 470 471 473
 475 476 478 480 481 484 485 488 489 492 494 495 499 501 502 502 509 510
 511 511]
sampled_K: (182, 256)
rescaling_coefficients: (182,)
SK: (182, 256)
Sb: (182,)
normal matrix: (256, 256)
x: (256,)
time: 0.07527122200000003
loss: 0.04089570225588078
