###################################
2022-05-16 23:52:19.629092
Namespace(ndim=2, rows=16384, cols=16, alg=4, seed=2, l2_regularization=0.001, epsilon=0.1, delta=0.01, alpha=1e-06, samples=0)
leverage_scores: [16.000000006980653, 16.000000015019367]
num_columns: 256
num_samples: 182
samples: 0 182 [   35    58   140   141   520   577   611   663   790  1172  1298  1418
  1431  1487  1527  1666  1724  1772  1793  1802  1851  1892  2016  2099
  2279  2344  2467  2511  2527  2695  2827  2920  3059  3089  3257  3345
  3346  3395  3548  3557  3603  3625  3749  3963  4101  4326  4581  4584
  4619  4748  5368  5396  5430  5566  5585  5707  5725  6005  6113  6343
  6498  6636  6681  6794  6868  6890  7184  7324  7418  7442  7576  7745
  7763  8010  8118  8150  8153  8202  8402  8414  8567  8569  8704  8785
  8842  8877  8924  8977  9034  9103  9118  9591  9634  9937  9948 10163
 10190 10243 10322 10372 10648 10853 10853 10866 11046 11102 11150 11235
 11288 11432 11462 11483 11509 11544 11585 11614 11618 11673 11716 11816
 11838 11981 12008 12020 12026 12080 12083 12151 12308 12372 12544 12583
 12698 12709 12760 12880 12896 13000 13013 13236 13318 13361 13567 13607
 13670 13824 13841 13843 14011 14035 14046 14121 14322 14356 14366 14380
 14442 14511 14591 14611 14613 14650 14729 14936 14938 15202 15281 15332
 15381 15429 15432 15468 15470 15682 15689 15720 15785 15869 15893 15905
 15912 15997]
samples: 1 182 [   56   139   229   234   312   341   390   480   494   613   712   771
   794   898   940   950  1281  1298  1470  1514  2024  2026  2155  2172
  2205  2330  2472  2521  2784  2997  2999  3044  3436  3639  3783  3850
  3851  3873  3961  4056  4293  4312  4322  4325  4527  4580  4714  4823
  4973  5148  5386  5445  5782  5807  5835  5870  5945  5977  6115  6147
  6216  6309  6368  6400  6448  6449  6474  6631  6754  6776  6869  6973
  7263  7330  7717  7767  7862  7916  7989  8055  8081  8155  8229  8394
  8460  8514  8614  8669  8763  8876  8953  9005  9025  9111  9238  9324
  9532  9542  9620  9691  9797  9842  9848  9878  9892 10026 10248 10256
 10265 10367 10421 10428 10519 10693 10878 11158 11195 11221 11336 11560
 11561 11722 11856 11899 12135 12282 12324 12424 12441 12479 12534 12541
 12672 12714 12727 12871 12903 12954 13088 13124 13199 13205 13302 13353
 13654 13690 13694 13882 13892 13968 14094 14105 14208 14310 14439 14441
 14503 14674 14685 14746 14766 14851 15016 15061 15108 15119 15288 15361
 15540 15551 15562 15611 15689 15703 15708 15759 15802 15835 15988 16322
 16346 16354]
sampled_K: (182, 256)
rescaling_coefficients: (182,)
SK: (182, 256)
Sb: (182,)
normal matrix: (256, 256)
x: (256,)
time: 0.16843112999999987
loss: 129.78703455961661
