###################################
2022-05-16 23:51:37.247668
Namespace(ndim=2, rows=2048, cols=16, alg=4, seed=2, l2_regularization=0.001, epsilon=0.1, delta=0.01, alpha=1e-06, samples=0)
leverage_scores: [15.999999995105647, 16.000000000698776]
num_columns: 256
num_samples: 182
samples: 0 182 [   6   15   31   38   48   59   93   94   99  102  123  131  139  150
  154  155  174  176  177  182  185  191  198  224  280  302  303  328
  330  339  390  404  409  412  418  440  450  455  462  465  470  488
  505  508  509  513  531  550  550  552  568  592  614  614  641  642
  644  672  675  702  708  709  728  742  772  784  793  825  841  853
  860  908  910  945  946  947  959  965  970  980  987  988  992  997
 1003 1010 1012 1023 1027 1048 1062 1066 1071 1072 1075 1081 1099 1105
 1106 1131 1134 1145 1196 1198 1223 1223 1227 1233 1244 1256 1272 1298
 1298 1300 1312 1322 1330 1331 1332 1340 1354 1372 1381 1382 1385 1406
 1408 1418 1424 1455 1455 1463 1476 1479 1520 1555 1560 1562 1562 1565
 1575 1576 1583 1586 1600 1602 1604 1613 1617 1623 1629 1644 1650 1652
 1671 1686 1696 1698 1704 1710 1711 1712 1718 1725 1730 1738 1755 1757
 1766 1789 1809 1818 1821 1889 1937 1951 1982 2006 2008 2011 2038 2046]
samples: 1 182 [  13   15   21   33   38   41   47   51   80   99  103  104  120  126
  133  138  168  178  180  204  248  257  268  274  285  296  304  305
  306  308  308  313  316  336  355  360  378  383  398  425  438  449
  456  462  469  497  499  511  534  569  570  589  596  600  600  615
  616  621  627  630  633  644  657  658  659  665  673  682  684  687
  688  697  717  720  725  725  727  727  728  757  757  771  788  793
  802  821  841  842  844  867  881  882  890  922  930  930  937  984
 1001 1006 1018 1025 1025 1034 1042 1049 1059 1073 1101 1125 1129 1133
 1154 1157 1177 1180 1183 1215 1225 1236 1258 1262 1264 1288 1298 1300
 1331 1335 1353 1368 1372 1393 1436 1442 1480 1481 1490 1506 1508 1508
 1535 1536 1547 1547 1557 1586 1596 1610 1650 1657 1693 1708 1714 1719
 1726 1733 1744 1761 1763 1765 1782 1789 1799 1810 1812 1828 1845 1854
 1862 1862 1866 1880 1885 1909 1937 1941 1967 1972 1982 2012 2013 2043]
sampled_K: (182, 256)
rescaling_coefficients: (182,)
SK: (182, 256)
Sb: (182,)
normal matrix: (256, 256)
x: (256,)
time: 0.08726783399999993
loss: 0.6195187810078339
