###################################
2022-05-16 23:25:01.893709
Namespace(ndim=2, rows=2048, cols=32, alg=4, seed=0, l2_regularization=0.001, epsilon=0.1, delta=0.01, alpha=1e-06, samples=0)
leverage_scores: [31.99999998698907, 31.999999998611887]
num_columns: 1024
num_samples: 841
samples: 0 841 [   0    1    1    3    8    8   11   12   14   15   15   16   18   20
   21   21   21   26   30   34   37   38   44   53   53   54   67   72
   72   74   76   90   90   90   93   94   95   95  100  103  103  109
  109  111  111  113  120  125  129  129  136  139  146  148  153  153
  155  156  157  161  164  166  166  166  168  170  170  171  171  178
  178  181  181  181  186  186  187  188  190  190  192  197  198  198
  200  202  203  203  204  205  211  212  212  216  216  217  221  223
  228  231  231  231  232  236  237  239  240  241  241  241  246  249
  250  255  256  257  264  266  268  271  273  279  280  282  284  288
  288  289  293  296  303  304  308  308  308  318  319  320  321  322
  325  326  332  333  333  334  336  336  337  338  340  341  342  342
  346  349  350  352  360  361  362  367  367  370  373  373  374  375
  376  376  377  385  386  387  387  388  389  391  392  394  397  401
  401  405  407  407  411  414  414  416  417  417  418  423  433  442
  443  448  449  457  461  462  464  468  468  472  473  475  478  486
  487  490  493  496  498  498  500  513  514  514  521  521  522  528
  529  535  535  536  538  542  542  542  545  552  553  554  555  568
  569  570  570  574  581  582  590  597  597  603  606  607  608  608
  609  613  616  621  628  628  629  629  638  643  646  656  660  660
  660  665  665  665  666  667  668  671  674  675  675  681  684  685
  685  688  690  690  693  700  704  713  714  714  714  716  721  721
  726  728  728  728  730  732  733  737  737  739  740  741  742  743
  748  751  757  758  758  759  766  772  775  778  780  781  786  793
  793  794  796  796  798  800  800  801  804  804  806  814  816  820
  823  833  834  836  844  845  847  849  849  851  852  852  853  856
  860  861  863  869  869  870  870  874  879  882  883  884  884  885
  889  895  899  903  905  911  914  915  917  919  920  922  928  930
  930  930  932  932  936  936  938  942  943  946  948  949  949  951
  956  956  957  960  960  963  964  967  969  980  984  985  990  992
  993 1003 1003 1009 1015 1015 1017 1018 1023 1028 1031 1032 1035 1039
 1039 1040 1040 1041 1043 1048 1051 1053 1055 1057 1058 1059 1059 1070
 1075 1079 1082 1083 1083 1084 1085 1085 1089 1092 1095 1097 1104 1104
 1108 1110 1120 1123 1131 1131 1136 1139 1142 1144 1149 1153 1153 1155
 1155 1163 1167 1172 1172 1172 1174 1176 1178 1182 1182 1184 1190 1191
 1192 1195 1199 1201 1202 1204 1211 1221 1223 1224 1225 1228 1230 1233
 1234 1235 1237 1238 1238 1243 1245 1247 1254 1257 1257 1261 1263 1263
 1267 1268 1268 1270 1275 1276 1276 1277 1278 1281 1282 1284 1285 1287
 1287 1290 1291 1293 1295 1296 1307 1310 1311 1315 1316 1321 1322 1322
 1334 1335 1335 1336 1340 1343 1345 1349 1353 1353 1360 1363 1363 1365
 1371 1371 1373 1373 1375 1375 1378 1382 1385 1387 1388 1388 1388 1391
 1393 1393 1393 1399 1401 1401 1402 1403 1406 1407 1408 1408 1408 1408
 1409 1410 1410 1413 1414 1420 1420 1420 1422 1422 1423 1423 1439 1441
 1442 1445 1450 1454 1460 1461 1467 1469 1469 1475 1484 1486 1492 1492
 1496 1496 1496 1504 1505 1505 1506 1513 1516 1530 1531 1532 1533 1533
 1534 1536 1537 1538 1548 1548 1550 1550 1552 1553 1555 1559 1560 1562
 1563 1563 1567 1568 1569 1572 1577 1586 1588 1590 1592 1592 1593 1593
 1599 1602 1603 1604 1608 1610 1611 1614 1615 1616 1620 1621 1623 1624
 1624 1635 1635 1636 1639 1643 1646 1648 1650 1650 1651 1651 1655 1658
 1661 1667 1669 1672 1673 1675 1679 1679 1680 1681 1683 1687 1687 1693
 1694 1694 1697 1701 1701 1706 1707 1712 1713 1713 1714 1715 1715 1717
 1719 1725 1730 1730 1731 1735 1741 1745 1746 1746 1747 1747 1747 1749
 1749 1753 1756 1758 1759 1759 1764 1766 1767 1774 1779 1783 1783 1784
 1787 1791 1793 1796 1797 1797 1798 1798 1799 1800 1802 1810 1812 1814
 1815 1820 1822 1824 1825 1825 1830 1831 1831 1832 1833 1837 1839 1848
 1851 1856 1857 1859 1859 1861 1863 1863 1866 1869 1869 1870 1875 1876
 1880 1883 1883 1883 1883 1884 1887 1887 1887 1887 1888 1898 1898 1900
 1903 1915 1919 1920 1921 1922 1923 1923 1926 1927 1928 1929 1930 1932
 1934 1934 1940 1942 1943 1944 1947 1949 1950 1951 1956 1961 1961 1962
 1968 1969 1970 1981 1983 1986 1986 1990 1990 1991 1995 1996 2000 2001
 2004 2005 2006 2007 2007 2010 2017 2026 2028 2032 2034 2034 2037 2043
 2043]
samples: 1 841 [   2    9    9   11   12   14   15   16   18   19   19   21   29   29
   33   35   36   41   41   43   46   47   49   52   53   55   58   60
   64   65   65   65   66   66   70   70   73   74   78   81   84   89
   92   95   96   97  102  103  105  108  123  128  133  133  133  137
  140  155  156  161  162  162  163  164  169  170  174  175  183  186
  187  189  189  191  191  192  193  194  194  195  199  204  205  206
  209  209  211  214  214  217  217  220  223  231  249  256  257  259
  265  269  269  270  271  273  276  278  278  284  285  288  290  297
  305  306  314  315  318  320  320  322  325  331  332  335  336  341
  342  344  355  356  356  359  361  362  365  372  373  378  378  385
  390  395  397  398  400  403  408  409  412  422  433  434  434  440
  442  445  445  454  462  465  469  470  471  473  473  476  477  478
  480  484  485  488  490  493  494  494  495  495  496  496  502  503
  507  512  514  515  521  523  523  527  533  534  536  537  543  552
  554  555  558  559  564  565  570  570  573  573  579  581  583  585
  586  587  591  598  599  605  609  609  619  619  622  624  629  630
  638  643  643  644  647  647  649  649  650  650  654  656  657  659
  660  665  665  667  670  673  674  675  678  682  683  685  688  689
  692  695  696  701  708  708  711  711  714  720  721  727  728  728
  728  729  730  730  741  747  749  753  756  759  761  761  762  764
  765  769  769  770  772  772  774  777  778  781  790  791  794  796
  797  799  803  803  806  808  810  815  816  818  822  829  834  836
  836  837  837  840  843  844  850  851  852  858  866  867  870  872
  881  883  883  884  885  885  886  887  891  893  894  901  902  902
  902  905  906  907  910  911  911  916  917  918  919  923  925  928
  929  932  940  943  943  946  948  948  955  957  966  967  967  968
  974  976  976  982  983  983  986  987  987  989  992 1004 1019 1026
 1036 1039 1039 1041 1041 1050 1052 1053 1054 1055 1056 1059 1060 1060
 1062 1062 1062 1064 1073 1076 1079 1084 1085 1088 1089 1091 1092 1092
 1095 1095 1095 1099 1101 1107 1108 1111 1116 1116 1117 1118 1118 1119
 1123 1125 1125 1125 1126 1128 1129 1131 1131 1132 1134 1137 1137 1137
 1145 1146 1149 1153 1153 1157 1157 1157 1157 1159 1162 1162 1164 1177
 1179 1179 1181 1181 1185 1186 1192 1195 1195 1195 1197 1197 1210 1211
 1211 1219 1220 1222 1222 1224 1225 1225 1226 1230 1232 1241 1242 1245
 1246 1247 1252 1253 1254 1256 1256 1259 1265 1267 1277 1278 1279 1281
 1282 1284 1285 1288 1289 1289 1290 1291 1292 1292 1294 1295 1297 1298
 1301 1307 1309 1315 1315 1316 1323 1328 1336 1337 1337 1338 1338 1338
 1342 1345 1346 1346 1348 1351 1351 1352 1356 1357 1362 1365 1375 1377
 1380 1383 1389 1392 1393 1396 1398 1400 1402 1403 1405 1406 1414 1416
 1419 1427 1429 1442 1445 1447 1448 1450 1452 1452 1453 1458 1458 1460
 1461 1462 1462 1464 1464 1465 1465 1466 1467 1473 1478 1479 1481 1482
 1485 1489 1490 1494 1496 1497 1499 1500 1500 1502 1507 1508 1510 1511
 1518 1520 1535 1536 1540 1541 1544 1546 1546 1551 1552 1552 1556 1557
 1557 1557 1558 1558 1561 1566 1567 1568 1568 1572 1577 1578 1579 1580
 1581 1587 1591 1593 1594 1596 1596 1604 1606 1607 1616 1618 1620 1625
 1625 1631 1635 1636 1640 1640 1640 1641 1641 1645 1646 1649 1649 1649
 1649 1650 1651 1651 1652 1654 1654 1654 1660 1660 1663 1664 1666 1670
 1671 1682 1683 1689 1691 1696 1698 1698 1699 1699 1700 1702 1702 1703
 1706 1709 1709 1709 1711 1716 1716 1718 1719 1720 1720 1722 1724 1724
 1726 1730 1735 1736 1738 1743 1745 1749 1762 1763 1764 1765 1766 1768
 1770 1771 1775 1782 1785 1786 1786 1792 1792 1794 1797 1799 1799 1801
 1804 1804 1804 1806 1808 1811 1812 1813 1821 1822 1822 1827 1828 1829
 1830 1830 1833 1836 1838 1839 1840 1841 1842 1842 1848 1852 1854 1861
 1863 1864 1871 1873 1873 1874 1875 1875 1883 1889 1890 1891 1892 1892
 1893 1894 1897 1899 1901 1902 1902 1903 1903 1906 1907 1908 1910 1911
 1915 1918 1918 1920 1921 1923 1929 1931 1932 1933 1937 1941 1943 1949
 1949 1950 1951 1957 1962 1963 1964 1966 1967 1972 1975 1976 1978 1980
 1981 1981 1985 1985 1987 1989 1990 1990 1991 1993 1994 1994 1996 1998
 2005 2007 2012 2013 2015 2018 2019 2021 2021 2022 2025 2026 2026 2027
 2028 2030 2030 2030 2032 2033 2034 2034 2038 2040 2041 2042 2043 2043
 2046]
sampled_K: (841, 1024)
rescaling_coefficients: (841,)
SK: (841, 1024)
Sb: (841,)
normal matrix: (1024, 1024)
x: (1024,)
time: 6.165785829
loss: 0.38642543577995486
