###################################
2022-05-17 00:00:16.257450
Namespace(ndim=2, rows=16384, cols=32, alg=4, seed=2, l2_regularization=0.001, epsilon=0.1, delta=0.01, alpha=1e-06, samples=0)
leverage_scores: [31.99999999752969, 32.00000000557851]
num_columns: 1024
num_samples: 841
samples: 0 841 [    1    26    48    81   120   130   170   211   213   218   240   269
   283   289   347   354   364   406   418   435   508   528   557   597
   641   642   676   682   709   719   735   774   779   781   812   816
   834   837   840   911   997  1066  1095  1108  1143  1144  1149  1154
  1158  1160  1167  1182  1202  1243  1277  1281  1283  1308  1311  1360
  1378  1387  1388  1420  1445  1484  1504  1509  1525  1529  1534  1577
  1593  1602  1612  1661  1751  1797  1807  1824  1828  1836  1847  1892
  1903  1909  1922  1946  2028  2032  2040  2065  2067  2074  2080  2095
  2126  2150  2178  2188  2245  2255  2260  2331  2333  2361  2367  2403
  2409  2434  2488  2493  2499  2504  2546  2550  2554  2557  2567  2624
  2722  2732  2739  2745  2751  2762  2767  2776  2780  2826  2845  2848
  2855  2869  2910  2946  2962  3001  3032  3040  3066  3088  3099  3107
  3164  3212  3220  3226  3242  3263  3264  3290  3315  3339  3345  3381
  3389  3401  3408  3412  3444  3465  3472  3483  3497  3499  3505  3506
  3521  3548  3559  3561  3570  3589  3606  3638  3655  3662  3669  3694
  3701  3758  3785  3802  3824  3828  3852  3861  3865  3875  3911  3917
  3919  3952  3952  3955  4028  4034  4047  4111  4138  4176  4186  4191
  4192  4195  4276  4298  4321  4332  4341  4418  4469  4477  4493  4499
  4574  4578  4599  4601  4620  4636  4640  4643  4658  4685  4687  4712
  4730  4783  4798  4821  4829  4868  4912  4926  4944  5028  5195  5227
  5239  5251  5254  5286  5323  5324  5327  5339  5353  5357  5403  5441
  5446  5458  5492  5507  5514  5519  5562  5566  5583  5610  5645  5683
  5694  5701  5807  5858  5922  5962  5967  5969  5973  5977  6001  6004
  6031  6110  6132  6146  6180  6186  6242  6264  6265  6272  6301  6329
  6427  6432  6440  6463  6472  6477  6518  6580  6582  6612  6631  6637
  6697  6700  6711  6755  6759  6767  6770  6777  6813  6828  6835  6866
  6871  6888  6922  6926  7093  7104  7106  7135  7151  7162  7195  7209
  7252  7266  7280  7374  7376  7393  7399  7421  7422  7458  7494  7501
  7515  7575  7582  7585  7612  7622  7627  7631  7636  7663  7680  7686
  7721  7748  7760  7807  7812  7814  7817  7822  7830  7832  7842  7887
  7907  7933  7937  7938  7944  7952  7956  7999  8004  8014  8051  8052
  8055  8065  8106  8113  8126  8155  8160  8186  8194  8207  8213  8232
  8235  8236  8261  8265  8270  8278  8286  8288  8292  8337  8350  8364
  8413  8441  8447  8464  8477  8479  8484  8486  8510  8511  8549  8562
  8571  8596  8666  8683  8728  8741  8756  8759  8776  8800  8809  8815
  8816  8816  8819  8827  8872  8903  8928  8932  8974  8976  8998  9003
  9005  9017  9018  9040  9047  9064  9095  9129  9154  9163  9168  9172
  9174  9180  9182  9203  9210  9220  9222  9228  9248  9264  9273  9275
  9295  9326  9326  9349  9355  9383  9389  9391  9404  9406  9422  9426
  9444  9449  9452  9457  9465  9474  9475  9524  9528  9541  9547  9583
  9605  9640  9642  9673  9699  9707  9710  9711  9714  9752  9765  9776
  9784  9800  9812  9818  9819  9828  9861  9895  9919  9938  9945 10009
 10028 10048 10068 10077 10101 10105 10146 10164 10171 10180 10204 10244
 10248 10259 10295 10302 10351 10392 10403 10421 10422 10450 10456 10487
 10536 10550 10552 10555 10556 10559 10564 10571 10576 10599 10648 10680
 10687 10701 10710 10717 10724 10749 10749 10786 10789 10809 10810 10828
 10853 10861 10933 10949 11051 11056 11065 11079 11121 11127 11150 11158
 11158 11164 11177 11190 11212 11227 11228 11240 11249 11264 11264 11266
 11289 11307 11332 11341 11351 11354 11355 11403 11425 11475 11506 11506
 11531 11614 11641 11643 11643 11647 11648 11650 11654 11680 11695 11719
 11729 11746 11779 11816 11817 11837 11841 11845 11847 11941 11946 11955
 11969 12035 12037 12073 12074 12076 12102 12146 12166 12177 12178 12253
 12258 12276 12297 12325 12342 12382 12396 12407 12412 12421 12436 12450
 12459 12472 12493 12499 12502 12523 12553 12553 12592 12616 12623 12640
 12661 12665 12673 12705 12760 12841 12853 12857 12871 12874 12878 12895
 12921 12957 13015 13035 13042 13044 13050 13061 13072 13083 13091 13118
 13129 13134 13143 13193 13241 13266 13288 13317 13321 13337 13354 13378
 13385 13386 13405 13406 13441 13474 13482 13497 13528 13529 13583 13591
 13612 13636 13691 13705 13731 13777 13807 13824 13826 13854 13894 13902
 13904 13905 13905 13911 13925 13932 13946 13966 13987 14012 14014 14017
 14033 14035 14048 14052 14064 14066 14082 14082 14102 14118 14121 14134
 14175 14194 14197 14232 14266 14281 14283 14284 14304 14327 14341 14372
 14375 14414 14416 14430 14462 14475 14483 14490 14524 14559 14615 14617
 14647 14696 14708 14747 14756 14799 14819 14844 14885 14887 14905 14918
 14923 14971 15011 15021 15039 15046 15048 15122 15124 15125 15130 15138
 15147 15167 15167 15175 15192 15263 15349 15395 15407 15411 15413 15448
 15464 15465 15537 15558 15579 15587 15592 15597 15614 15614 15619 15655
 15661 15668 15789 15789 15791 15803 15821 15835 15838 15899 15921 15946
 15954 15965 16026 16048 16064 16074 16075 16113 16120 16135 16138 16147
 16157 16205 16210 16217 16228 16234 16277 16296 16312 16314 16350 16364
 16366]
samples: 1 841 [    2    12    15    15    48    50    52    69    86   124   128   136
   179   195   196   208   215   240   259   298   315   323   344   348
   374   399   401   465   566   567   571   580   588   598   626   649
   661   805   840   871   879   895   898   910   921   923   928   935
   947   987  1015  1020  1082  1085  1106  1115  1118  1118  1120  1140
  1145  1157  1178  1203  1217  1283  1290  1319  1325  1352  1372  1385
  1428  1484  1510  1516  1517  1528  1558  1588  1598  1605  1629  1639
  1671  1718  1721  1737  1738  1741  1770  1784  1846  1874  1884  1885
  1891  1935  1946  1982  1985  1988  1994  2037  2114  2165  2189  2198
  2205  2233  2250  2276  2301  2369  2379  2382  2392  2412  2452  2453
  2466  2468  2470  2470  2481  2500  2519  2536  2541  2552  2573  2580
  2580  2617  2627  2633  2657  2673  2675  2693  2712  2751  2753  2769
  2821  2842  2843  2871  2921  2929  2931  2940  2949  2956  2981  2996
  2997  3016  3047  3117  3140  3154  3186  3220  3222  3224  3229  3236
  3239  3297  3299  3343  3345  3355  3362  3362  3367  3393  3461  3462
  3462  3493  3497  3533  3555  3562  3568  3591  3595  3599  3615  3621
  3629  3630  3635  3637  3655  3660  3668  3698  3702  3709  3722  3747
  3747  3774  3777  3779  3790  3796  3810  3817  3830  3849  3852  3890
  3906  3907  3972  4028  4032  4045  4063  4074  4114  4164  4168  4170
  4172  4178  4180  4188  4190  4199  4210  4239  4252  4283  4288  4364
  4378  4417  4500  4586  4595  4600  4620  4648  4672  4725  4726  4751
  4835  4836  4855  4869  4896  4919  4930  4941  4948  4952  4964  4988
  5054  5085  5144  5154  5195  5210  5308  5310  5319  5322  5386  5423
  5434  5434  5435  5453  5475  5526  5540  5552  5556  5557  5639  5640
  5648  5703  5708  5721  5722  5745  5776  5776  5782  5832  5845  5863
  5877  5889  5892  5922  5953  5968  5986  5995  5996  6008  6042  6076
  6085  6103  6127  6145  6164  6189  6206  6226  6231  6287  6335  6376
  6423  6450  6469  6486  6496  6504  6512  6519  6557  6573  6575  6580
  6583  6609  6614  6647  6725  6731  6731  6751  6768  6780  6798  6834
  6850  6869  6874  6884  6930  6939  6965  6968  6972  6974  7003  7005
  7029  7043  7046  7069  7102  7120  7120  7128  7135  7139  7148  7229
  7256  7272  7292  7337  7354  7364  7385  7392  7476  7494  7514  7566
  7620  7624  7652  7673  7694  7710  7715  7718  7738  7751  7789  7805
  7834  7834  7835  7843  7869  7882  7900  7907  7908  7918  7922  7942
  7948  7952  7962  7964  7983  7983  7999  7999  8087  8106  8137  8148
  8181  8219  8264  8280  8311  8316  8338  8341  8370  8375  8381  8388
  8396  8408  8408  8422  8437  8450  8532  8536  8560  8568  8579  8582
  8597  8618  8618  8619  8632  8717  8720  8739  8741  8745  8756  8759
  8776  8785  8814  8837  8840  8845  8914  8936  8968  8980  8982  8998
  9015  9026  9074  9086  9094  9110  9139  9172  9242  9275  9320  9329
  9347  9384  9387  9438  9452  9453  9473  9488  9490  9533  9584  9607
  9614  9633  9665  9673  9695  9707  9720  9751  9754  9759  9802  9832
  9868  9883  9888  9905  9940  9973  9973  9982 10023 10034 10041 10065
 10088 10126 10147 10175 10188 10202 10204 10212 10240 10241 10250 10253
 10270 10279 10285 10286 10293 10364 10394 10406 10416 10451 10460 10467
 10500 10525 10546 10587 10604 10606 10624 10631 10637 10666 10741 10762
 10762 10771 10801 10804 10849 10891 10896 10978 11003 11012 11042 11045
 11050 11059 11083 11086 11089 11127 11167 11218 11227 11301 11343 11365
 11384 11433 11450 11469 11476 11487 11505 11525 11556 11557 11591 11617
 11629 11631 11647 11674 11687 11693 11724 11724 11730 11759 11809 11811
 11825 11847 11881 11882 11887 11892 11893 11896 11939 11951 11960 11980
 12056 12070 12089 12158 12195 12278 12297 12309 12313 12369 12389 12391
 12412 12436 12441 12448 12496 12510 12515 12543 12600 12601 12636 12641
 12647 12651 12664 12665 12743 12775 12791 12792 12824 12840 12860 12863
 12893 12896 12902 12914 12960 12971 12991 13001 13004 13027 13034 13045
 13075 13167 13221 13224 13225 13244 13244 13245 13278 13288 13297 13317
 13320 13327 13374 13376 13436 13448 13454 13492 13514 13546 13567 13569
 13583 13584 13586 13602 13622 13692 13716 13717 13719 13763 13764 13812
 13834 13842 13857 13861 13866 13872 13888 13898 13904 13908 13930 13956
 13968 14023 14036 14040 14057 14114 14131 14132 14181 14182 14184 14226
 14250 14250 14258 14302 14315 14342 14373 14374 14375 14408 14414 14459
 14461 14485 14503 14506 14514 14522 14524 14532 14544 14555 14563 14593
 14598 14602 14636 14644 14690 14697 14735 14749 14761 14773 14775 14811
 14829 14829 14836 14874 14892 14905 14913 14913 14924 14944 14990 15009
 15045 15045 15085 15087 15087 15102 15135 15141 15143 15184 15226 15230
 15292 15338 15355 15365 15371 15375 15376 15394 15398 15400 15425 15430
 15440 15459 15475 15495 15499 15504 15506 15518 15531 15545 15557 15557
 15565 15599 15616 15638 15662 15768 15789 15803 15875 15886 15922 15932
 15994 16013 16019 16022 16084 16088 16091 16129 16178 16211 16226 16228
 16254 16270 16274 16279 16293 16294 16315 16322 16324 16330 16352 16354
 16355]
sampled_K: (841, 1024)
rescaling_coefficients: (841,)
SK: (841, 1024)
Sb: (841,)
normal matrix: (1024, 1024)
x: (1024,)
time: 6.19180566
loss: 22239.602649545475
