###################################
2022-05-16 23:24:17.002067
Namespace(ndim=2, rows=1024, cols=16, alg=4, seed=0, l2_regularization=0.001, epsilon=0.1, delta=0.01, alpha=1e-06, samples=0)
leverage_scores: [15.999999999115268, 15.999999997488219]
num_columns: 256
num_samples: 182
samples: 0 182 [  11   22   34   35   38   40   41   46   56   56   58   61   67   73
   82   95   99  120  120  146  147  149  170  186  206  218  238  240
  244  251  255  255  261  271  274  282  282  283  294  299  305  311
  312  313  315  316  318  334  338  367  378  389  408  411  411  412
  421  423  423  424  424  431  432  435  438  457  461  462  464  467
  469  473  485  494  494  501  502  505  506  510  518  518  519  524
  548  549  554  562  565  565  569  569  576  582  587  589  607  615
  631  638  641  642  654  656  658  667  690  690  690  694  701  709
  712  721  731  738  743  745  745  748  749  754  761  767  771  775
  780  801  804  804  805  806  807  810  813  822  827  832  836  845
  846  850  852  853  857  859  863  872  873  874  879  881  893  912
  918  920  920  923  931  939  940  945  950  954  955  957  958  962
  965  973  978  984  986  986 1001 1004 1005 1006 1011 1014 1017 1018]
samples: 1 182 [   3    4    7    7    8   11   23   27   30   30   32   35   37   38
   41   46   52   53   57   63   86   91   93   95  103  104  104  106
  113  114  120  122  131  134  135  156  157  162  166  171  171  171
  180  192  198  209  209  215  215  227  232  239  241  256  257  262
  264  273  288  290  291  293  297  308  308  317  330  336  339  342
  345  351  354  358  360  362  367  382  386  395  398  399  421  426
  428  433  434  434  437  440  453  454  470  477  481  485  494  497
  500  502  514  537  542  545  546  555  558  558  560  567  575  581
  585  585  591  592  599  600  609  609  612  613  626  632  634  648
  650  653  654  662  665  669  671  676  687  687  702  709  710  721
  725  760  774  778  788  805  806  813  821  821  826  826  827  828
  829  842  844  848  850  850  865  880  886  902  907  912  916  926
  933  940  941  944  945  958  968  973  981  990  993  997 1007 1013]
sampled_K: (182, 256)
rescaling_coefficients: (182,)
SK: (182, 256)
Sb: (182,)
normal matrix: (256, 256)
x: (256,)
time: 0.06999438999999996
loss: 0.167922872884262
