###################################
2022-05-16 23:50:44.078015
Namespace(ndim=2, rows=16384, cols=8, alg=4, seed=1, l2_regularization=0.001, epsilon=0.1, delta=0.01, alpha=1e-05, samples=0)
leverage_scores: [8.000000007039162, 7.999999994454284]
num_columns: 64
num_samples: 388
samples: 0 388 [   24    82    92    98   148   308   405   420   469   487   499   500
   529   634   653   657   667   675   696   714   719   728   743   799
   843   866   891   931  1069  1172  1182  1228  1241  1330  1366  1368
  1389  1462  1496  1549  1587  1651  1712  1733  1809  1818  1901  1955
  1981  2024  2102  2128  2132  2149  2291  2315  2338  2372  2402  2449
  2474  2490  2517  2519  2570  2586  2597  2644  2646  2658  2677  2700
  2775  2817  2980  2997  2999  3046  3084  3095  3246  3312  3422  3498
  3536  3569  3576  3648  3653  3668  3699  3712  3721  3721  3816  3899
  3976  4019  4072  4074  4162  4210  4272  4314  4378  4386  4569  4649
  4709  4768  4816  4901  4919  4921  5056  5059  5211  5338  5340  5367
  5378  5410  5439  5446  5492  5497  5508  5551  5555  5561  5675  5678
  5733  5824  5918  5933  5966  5985  6018  6081  6083  6120  6153  6167
  6207  6273  6346  6413  6446  6452  6525  6623  6658  6700  6703  6703
  6765  6821  6821  6840  7022  7037  7096  7176  7185  7233  7235  7247
  7269  7280  7299  7322  7331  7400  7445  7445  7556  7727  7757  7766
  7776  7812  7828  7853  7907  8017  8063  8087  8136  8194  8212  8261
  8298  8306  8323  8398  8425  8440  8452  8536  8683  8688  8768  8824
  8872  8885  9038  9044  9063  9152  9187  9229  9231  9278  9324  9375
  9411  9516  9526  9554  9580  9587  9777  9810  9818  9827  9832  9832
  9959 10058 10094 10125 10142 10176 10351 10373 10401 10458 10521 10546
 10610 10621 10631 10647 10652 10659 10666 10677 10841 10880 10895 10933
 11093 11135 11148 11215 11261 11339 11373 11382 11389 11460 11563 11661
 11675 11728 11749 11828 11828 11858 11939 11996 12044 12107 12122 12194
 12197 12205 12213 12269 12353 12390 12584 12585 12630 12630 12634 12669
 12803 12805 12843 12866 12890 12926 12989 13055 13085 13136 13164 13199
 13224 13298 13359 13362 13385 13411 13419 13423 13549 13579 13596 13621
 13644 13744 13755 13829 13839 13946 13959 13979 14022 14037 14051 14154
 14162 14170 14174 14242 14265 14349 14362 14615 14623 14664 14682 14689
 14711 14788 14870 14878 14964 15027 15027 15031 15036 15037 15046 15075
 15104 15123 15163 15182 15239 15241 15255 15317 15349 15360 15367 15378
 15396 15403 15421 15430 15453 15491 15550 15687 15716 15811 15879 15884
 15898 15909 15941 16059 16077 16123 16135 16202 16237 16252 16259 16266
 16299 16361 16367 16373]
samples: 1 388 [   26    39    91   100   310   321   349   368   394   537   599   603
   611   637   774   777   810   915   920  1059  1095  1137  1142  1205
  1258  1300  1321  1338  1370  1466  1477  1487  1571  1619  1647  1676
  1680  1703  1723  1750  1832  1884  1891  1912  1973  2014  2049  2115
  2131  2190  2192  2204  2230  2248  2271  2324  2329  2336  2339  2492
  2510  2584  2616  2739  2760  2785  2798  2859  2898  3001  3063  3080
  3090  3141  3153  3196  3199  3258  3387  3426  3443  3448  3454  3512
  3531  3556  3639  3695  3761  3795  3839  3877  3939  4001  4029  4040
  4127  4127  4158  4188  4197  4333  4389  4428  4467  4523  4564  4602
  4683  4689  4697  4774  4776  4779  4794  4864  4869  4870  4895  4902
  4905  4967  5003  5010  5081  5091  5160  5165  5179  5238  5304  5381
  5466  5467  5467  5482  5484  5560  5731  5756  5794  5829  5867  5963
  6007  6052  6089  6097  6134  6137  6140  6200  6228  6242  6262  6333
  6355  6513  6567  6572  6601  6603  6611  6622  6770  6786  7048  7074
  7174  7184  7309  7353  7365  7466  7626  7638  7643  7668  7693  7730
  7783  7796  7936  7996  8081  8088  8143  8153  8242  8283  8288  8347
  8348  8377  8400  8555  8576  8613  8667  8683  8697  8786  8808  8844
  8871  8901  8924  8942  8946  8973  9001  9001  9033  9050  9096  9117
  9131  9181  9211  9230  9253  9289  9309  9322  9335  9336  9360  9405
  9494  9509  9558  9560  9581  9601  9637  9649  9655  9662  9738  9776
  9810  9829  9864  9868  9870  9923  9951 10001 10005 10020 10054 10137
 10157 10223 10228 10318 10329 10369 10378 10444 10460 10644 10661 10729
 10781 10784 10850 10883 10903 10942 10964 10989 11027 11045 11115 11198
 11203 11261 11264 11282 11391 11475 11479 11551 11566 11571 11699 11724
 11730 11847 12021 12022 12034 12038 12056 12059 12098 12128 12150 12198
 12269 12310 12394 12449 12485 12583 12627 12732 12768 12840 12860 13033
 13105 13160 13167 13167 13177 13180 13188 13214 13227 13341 13349 13553
 13650 13693 13703 13737 13755 13782 13850 13931 14017 14075 14078 14092
 14292 14325 14386 14387 14395 14450 14451 14467 14522 14528 14636 14672
 14749 14789 14869 14877 14904 15008 15018 15034 15109 15149 15151 15165
 15171 15189 15212 15223 15258 15259 15266 15395 15399 15461 15475 15638
 15645 15654 15670 15705 15723 15845 15903 15924 15963 16017 16037 16045
 16052 16067 16187 16234]
sampled_K: (388, 64)
rescaling_coefficients: (388,)
SK: (388, 64)
Sb: (388,)
normal matrix: (64, 64)
x: (64,)
time: 0.08122185700000006
loss: 101.71414974253297
