###################################
2022-05-16 23:24:19.417498
Namespace(ndim=2, rows=4096, cols=16, alg=4, seed=0, l2_regularization=0.001, epsilon=0.1, delta=0.01, alpha=1e-06, samples=0)
leverage_scores: [15.999999996716705, 15.999999995398467]
num_columns: 256
num_samples: 182
samples: 0 182 [   1   24   30   41   52   70   75   77  153  208  259  259  272  308
  330  333  342  342  358  385  397  398  405  407  408  425  482  493
  516  532  560  617  645  676  726  735  750  770  778  786  926  936
 1043 1076 1109 1215 1291 1312 1320 1334 1348 1370 1370 1401 1429 1429
 1456 1457 1460 1464 1486 1518 1593 1600 1611 1666 1724 1764 1777 1810
 1821 1844 1864 1872 1898 1919 1939 1970 2006 2072 2097 2111 2116 2120
 2171 2172 2291 2309 2313 2337 2347 2352 2382 2401 2449 2453 2470 2473
 2490 2499 2530 2540 2556 2576 2579 2583 2595 2636 2671 2673 2675 2690
 2702 2750 2753 2753 2767 2774 2781 2788 2805 2818 2845 2880 2886 2887
 2892 2926 2986 2986 2993 3013 3013 3077 3111 3120 3178 3184 3187 3211
 3222 3232 3235 3247 3250 3295 3302 3305 3306 3318 3335 3346 3375 3426
 3429 3461 3472 3482 3500 3520 3536 3559 3641 3646 3652 3665 3667 3697
 3702 3718 3767 3767 3775 3801 3855 3860 3868 3938 3963 3972 3973 3992]
samples: 1 182 [   2   18   28   41   82   96   97  120  134  166  174  212  215  281
  304  383  389  401  421  421  432  452  498  516  546  556  567  568
  596  630  660  664  669  672  690  730  734  745  765  769  772  805
  824  928  966  981 1016 1030 1042 1071 1079 1128 1134 1201 1202 1207
 1212 1226 1241 1259 1312 1313 1313 1316 1326 1333 1333 1356 1406 1415
 1523 1541 1552 1574 1580 1582 1607 1621 1652 1680 1686 1702 1719 1720
 1721 1754 1821 1842 1878 1885 1894 1989 2012 2013 2050 2066 2109 2142
 2189 2204 2218 2241 2247 2312 2325 2342 2350 2354 2363 2387 2412 2470
 2486 2497 2519 2588 2613 2617 2639 2675 2699 2714 2725 2740 2771 2802
 2817 2829 2842 2849 2979 3039 3072 3086 3113 3128 3149 3156 3240 3292
 3332 3350 3377 3379 3405 3411 3443 3443 3499 3500 3506 3527 3538 3543
 3561 3607 3616 3616 3634 3660 3693 3735 3737 3750 3779 3791 3851 3858
 3859 3878 3895 3904 3906 3928 3928 3929 3992 4003 4056 4068 4085 4085]
sampled_K: (182, 256)
rescaling_coefficients: (182,)
SK: (182, 256)
Sb: (182,)
normal matrix: (256, 256)
x: (256,)
time: 0.09467130099999999
loss: 2.4253673831069142
