###################################
2022-05-16 23:49:55.547012
Namespace(ndim=2, rows=256, cols=8, alg=4, seed=1, l2_regularization=0.001, epsilon=0.1, delta=0.01, alpha=1e-05, samples=0)
leverage_scores: [8.0000000015159, 7.99999999992105]
num_columns: 64
num_samples: 388
samples: 0 388 [  0   0   0   3   3   4   4   5   7   8   8   8  12  14  15  15  15  16
  19  21  21  22  24  24  24  24  24  25  26  26  28  28  28  28  29  30
  30  30  31  31  31  31  32  32  34  34  34  34  36  38  39  39  39  40
  40  41  42  42  42  44  44  44  47  47  47  48  50  51  51  52  52  52
  53  53  53  54  54  55  57  57  57  58  59  59  59  60  60  60  62  64
  65  66  67  68  68  68  68  69  70  70  71  71  72  76  76  77  77  78
  78  80  80  80  80  81  81  83  85  85  86  88  88  91  91  91  91  96
  96  97  98  99 100 100 100 102 102 104 105 105 105 105 105 106 107 107
 107 110 110 111 111 111 112 112 113 113 113 113 115 117 117 118 119 119
 119 119 119 121 121 121 121 121 121 121 124 127 127 128 128 128 129 130
 130 131 131 131 131 131 131 132 133 133 133 133 133 134 134 134 136 137
 137 137 138 138 138 139 139 139 139 139 141 141 141 141 143 144 144 144
 145 145 146 146 146 146 147 148 148 149 149 150 150 150 151 153 154 155
 155 155 155 155 157 157 158 159 162 162 162 162 162 162 163 165 165 167
 167 167 167 168 168 169 169 169 171 171 173 173 173 174 174 174 174 174
 174 175 175 176 176 176 177 177 178 179 180 181 181 183 183 185 186 186
 187 187 189 191 191 192 193 196 196 196 197 197 197 197 199 199 200 200
 200 200 200 201 202 202 202 202 204 204 204 205 206 206 206 207 208 208
 208 209 209 209 209 210 210 210 210 210 211 212 213 213 214 214 215 216
 217 217 218 219 220 222 225 225 225 225 225 226 226 227 228 231 234 235
 236 237 237 237 237 237 238 238 238 239 240 240 241 241 242 242 244 245
 246 246 247 247 252 253 253 254 255 255]
samples: 1 388 [  0   1   1   2   2   4   5   6   6   7   7   7   7   7   8   8   8   8
  12  14  14  15  16  16  17  18  19  20  21  22  22  23  23  25  25  26
  27  27  27  27  30  30  31  31  31  31  33  34  34  35  35  35  38  39
  41  41  42  43  43  43  43  43  44  44  45  47  47  48  49  50  50  51
  51  52  52  53  53  53  53  53  54  54  54  54  57  58  58  58  60  60
  61  61  63  63  64  65  67  68  69  71  72  73  73  73  74  75  78  78
  79  79  82  82  84  85  87  89  89  89  90  92  93  93  94  94  96  96
  96  96 100 100 101 101 104 104 105 105 105 108 109 109 111 111 112 113
 113 113 113 113 114 115 116 116 120 120 120 120 121 121 122 123 123 123
 124 125 125 125 126 126 127 128 128 128 129 129 132 133 135 135 135 136
 136 136 136 137 137 138 138 138 139 139 140 142 144 144 144 144 145 145
 145 145 145 145 146 146 146 146 147 148 148 149 149 149 150 151 151 151
 153 153 153 154 154 154 155 155 159 160 160 160 161 161 162 163 163 163
 164 164 164 166 167 167 167 168 170 171 171 171 171 171 172 172 172 172
 172 172 172 172 173 175 175 176 177 179 179 180 180 180 181 181 181 181
 183 184 184 187 187 188 188 189 191 191 192 194 194 194 194 194 197 198
 198 198 200 201 201 201 203 203 203 203 203 203 204 204 205 207 208 208
 208 208 208 209 209 209 210 210 211 212 215 216 216 217 218 218 219 219
 219 219 219 221 223 223 223 224 224 224 225 226 226 227 227 228 228 228
 228 228 229 231 231 233 233 233 233 234 234 234 235 236 236 236 237 237
 238 238 238 241 241 242 242 243 243 244 244 244 248 249 249 249 250 251
 251 251 251 252 253 253 253 253 254 254]
sampled_K: (388, 64)
rescaling_coefficients: (388,)
SK: (388, 64)
Sb: (388,)
normal matrix: (64, 64)
x: (64,)
time: 0.005026904999999804
loss: 0.017785822035694374
