###################################
2022-05-16 23:48:36.536771
Namespace(ndim=2, rows=128, cols=4, alg=4, seed=1, l2_regularization=0.001, epsilon=0.1, delta=0.01, alpha=1e-05, samples=0)
leverage_scores: [4.000000000583637, 3.9999999994038395]
num_columns: 16
num_samples: 79
samples: 0 79 [  0   0   2   3   6  10  11  11  17  21  23  25  29  30  31  31  35  37
  44  45  46  48  48  52  52  52  52  52  53  58  59  63  64  64  66  68
  68  69  69  69  69  70  72  73  76  78  78  78  78  79  84  87  90  90
  90  91  91  91  91  92  96  96  97  99  99  99 100 101 103 105 107 114
 116 117 118 120 124 124 124]
samples: 1 79 [  0   2   3   4   5   7   7   8   8   8  10  10  11  13  14  19  20  29
  33  33  34  35  37  38  39  40  41  42  42  43  45  46  51  55  55  55
  57  58  61  62  63  63  72  72  76  77  83  86  89  93  95  95  95  98
  98  98 104 105 106 107 109 113 114 115 115 116 116 119 120 120 122 122
 123 123 124 124 125 126 127]
sampled_K: (79, 16)
rescaling_coefficients: (79,)
SK: (79, 16)
Sb: (79,)
normal matrix: (16, 16)
x: (16,)
time: 0.001690193000000173
loss: 0.010112732586453045
