###################################
2022-05-16 23:50:01.102416
Namespace(ndim=2, rows=512, cols=8, alg=4, seed=1, l2_regularization=0.001, epsilon=0.1, delta=0.01, alpha=1e-05, samples=0)
leverage_scores: [8.000000002128733, 7.999999999298526]
num_columns: 64
num_samples: 388
samples: 0 388 [  0   0   1   3   4   4   8   8   9  12  13  13  14  15  15  16  16  16
  19  19  19  21  21  26  28  29  29  31  31  37  38  38  40  43  47  51
  52  52  52  53  54  55  56  56  59  64  65  66  67  68  70  70  70  71
  71  77  78  78  78  80  80  81  82  85  87  87  91  91  94  96  97  98
  99  99 103 105 105 105 105 110 110 111 113 115 116 121 124 127 128 128
 129 129 129 131 131 131 133 134 134 134 136 137 137 140 140 140 141 144
 146 146 147 147 148 148 149 150 151 155 156 158 159 160 163 163 165 166
 167 168 169 173 174 176 176 177 178 179 182 182 182 183 185 186 186 186
 186 186 187 187 188 189 191 192 194 196 196 196 197 197 197 199 199 200
 204 210 210 212 216 217 217 218 218 222 224 224 225 225 225 226 226 228
 229 230 230 233 235 236 236 236 236 238 240 240 247 247 250 252 257 258
 258 259 262 262 263 264 266 267 268 269 269 269 270 272 272 274 277 277
 278 279 279 282 283 286 287 287 289 290 291 291 291 293 294 299 299 299
 301 303 304 305 305 305 309 309 311 311 314 316 317 318 322 322 322 322
 327 329 331 331 334 336 338 341 341 345 348 348 349 349 350 352 352 352
 352 353 354 359 361 361 362 362 364 364 365 370 372 372 373 374 375 376
 376 378 379 380 381 381 382 383 383 385 390 391 391 392 394 405 405 406
 407 408 410 411 411 413 414 415 415 416 420 421 423 427 428 428 428 431
 431 433 434 437 437 438 438 440 440 441 443 444 444 445 445 445 445 446
 446 448 451 452 454 457 458 459 460 463 464 465 467 469 471 474 474 475
 475 476 477 478 478 478 480 480 481 482 482 483 484 487 488 489 489 490
 493 495 495 495 501 501 504 505 510 510]
samples: 1 388 [  0   0   0   0   0   1   2   2   3   3   3   7   7   7   8   9   9  11
  11  14  17  19  21  22  22  27  28  29  31  31  33  36  37  37  37  38
  43  45  46  47  49  49  52  52  56  56  58  58  61  61  64  66  67  68
  70  70  73  73  75  86  90  92  93  93  98  99 102 102 102 103 103 104
 106 108 108 108 109 109 109 114 115 120 121 122 123 123 123 125 125 125
 128 128 129 131 132 137 139 140 141 143 144 147 149 150 150 150 151 152
 152 154 156 156 157 160 162 162 164 168 168 170 173 174 176 176 176 177
 178 178 179 180 180 181 182 182 184 185 186 191 194 196 196 196 198 198
 200 200 204 204 209 211 213 214 216 219 221 221 222 224 226 226 227 227
 227 228 231 232 232 232 232 232 233 235 236 236 238 240 240 242 242 242
 242 244 246 247 253 253 254 254 254 255 257 258 258 259 260 260 261 261
 261 261 263 263 264 267 267 267 269 270 271 271 273 274 278 279 279 280
 281 281 285 285 285 287 287 287 288 290 291 295 296 297 298 299 299 300
 306 306 307 308 310 310 311 311 314 315 316 318 320 320 322 323 324 325
 326 327 328 328 329 332 335 337 340 340 340 341 341 345 345 345 347 350
 355 357 359 360 360 361 362 364 366 366 366 366 367 371 372 375 375 375
 377 377 377 378 379 382 382 382 384 384 385 385 385 386 388 388 393 393
 397 397 397 397 397 397 397 397 397 397 398 398 400 405 406 407 408 408
 409 409 410 412 412 416 416 417 418 419 422 435 437 437 437 437 438 439
 440 440 440 442 443 444 446 446 449 452 457 457 458 458 462 462 464 468
 472 477 477 477 477 479 482 484 485 485 489 490 492 493 496 496 496 498
 500 501 502 506 507 507 508 509 509 511]
sampled_K: (388, 64)
rescaling_coefficients: (388,)
SK: (388, 64)
Sb: (388,)
normal matrix: (64, 64)
x: (64,)
time: 0.006268094000000168
loss: 0.06917858697044213
