###################################
2022-05-16 23:59:47.112221
Namespace(ndim=2, rows=16384, cols=32, alg=4, seed=1, l2_regularization=0.001, epsilon=0.1, delta=0.01, alpha=1e-06, samples=0)
leverage_scores: [32.000000017058056, 31.99999997906412]
num_columns: 1024
num_samples: 841
samples: 0 841 [   13    17    17    47    77    81   104   138   256   266   317   353
   365   372   379   385   388   424   446   490   531   541   591   637
   638   648   669   673   674   702   747   747   756   757   786   825
   832   849   858   869   887   906   931   950   956   959   959   968
   995  1045  1054  1095  1112  1113  1125  1131  1132  1164  1169  1184
  1199  1216  1220  1228  1233  1343  1411  1416  1426  1438  1450  1482
  1521  1523  1543  1570  1574  1591  1622  1638  1648  1651  1672  1687
  1688  1696  1701  1708  1719  1736  1745  1762  1776  1790  1833  1872
  1903  1912  1920  1922  1995  2052  2145  2149  2153  2163  2208  2236
  2240  2255  2271  2283  2289  2310  2310  2317  2323  2329  2331  2332
  2335  2341  2440  2464  2472  2495  2498  2502  2503  2508  2546  2550
  2564  2589  2590  2651  2671  2675  2680  2697  2767  2783  2820  2856
  2891  2906  2913  2941  2961  2969  2975  2987  3021  3022  3030  3057
  3104  3123  3133  3136  3139  3145  3152  3189  3200  3206  3216  3235
  3258  3267  3279  3290  3302  3304  3314  3317  3379  3435  3447  3502
  3504  3509  3512  3513  3517  3520  3529  3552  3562  3566  3572  3574
  3580  3588  3601  3605  3616  3634  3645  3666  3675  3710  3716  3757
  3768  3802  3807  3815  3827  3840  3850  3910  3917  3918  3923  3939
  3974  3983  3987  4008  4012  4013  4088  4101  4111  4115  4182  4190
  4255  4272  4322  4379  4387  4397  4397  4447  4455  4489  4522  4551
  4677  4679  4698  4699  4705  4720  4739  4758  4783  4833  4844  4893
  4897  4917  4926  4930  4937  4958  4980  4982  5040  5058  5063  5085
  5095  5113  5113  5132  5178  5189  5241  5264  5274  5275  5275  5309
  5321  5329  5336  5353  5395  5446  5455  5481  5496  5501  5516  5529
  5551  5554  5555  5589  5622  5651  5654  5724  5764  5794  5794  5796
  5822  5840  5845  5854  5861  5897  5968  6044  6090  6122  6138  6139
  6149  6177  6178  6185  6215  6261  6269  6285  6377  6403  6412  6412
  6429  6433  6466  6467  6468  6511  6543  6565  6607  6657  6665  6667
  6669  6703  6713  6716  6758  6758  6823  6840  6845  6858  6866  6897
  6930  6932  6941  6992  6993  7013  7024  7029  7041  7044  7056  7082
  7116  7173  7175  7187  7191  7238  7248  7265  7283  7286  7300  7306
  7328  7391  7470  7497  7499  7543  7600  7600  7605  7607  7610  7610
  7636  7668  7668  7672  7686  7693  7704  7725  7726  7733  7743  7758
  7826  7829  7836  7936  7955  7982  7998  8001  8017  8027  8071  8098
  8155  8165  8179  8186  8186  8235  8246  8263  8271  8275  8284  8290
  8345  8352  8353  8367  8381  8429  8456  8512  8519  8523  8562  8564
  8569  8640  8647  8664  8697  8706  8736  8743  8762  8790  8807  8809
  8865  8877  8879  8882  8957  8990  9011  9032  9051  9061  9076  9084
  9129  9158  9158  9211  9215  9231  9242  9253  9276  9277  9282  9325
  9329  9337  9349  9352  9437  9452  9463  9510  9519  9548  9562  9585
  9592  9599  9617  9631  9720  9732  9742  9760  9765  9770  9773  9783
  9825  9826  9931  9936  9983  9990 10028 10032 10099 10105 10127 10130
 10148 10162 10164 10178 10183 10223 10238 10249 10260 10286 10295 10325
 10335 10335 10348 10359 10448 10457 10464 10468 10475 10482 10513 10530
 10567 10590 10649 10664 10666 10668 10673 10702 10781 10787 10805 10816
 10820 10836 10883 10885 10914 10929 10935 10935 10936 10985 11007 11085
 11100 11101 11108 11118 11139 11174 11176 11180 11210 11224 11224 11238
 11243 11304 11318 11330 11337 11350 11355 11377 11380 11399 11407 11419
 11441 11464 11466 11512 11534 11540 11545 11569 11572 11579 11584 11585
 11600 11609 11621 11622 11629 11635 11679 11682 11683 11697 11711 11722
 11743 11744 11791 11792 11808 11808 11817 11833 11894 11897 11915 11918
 11973 12005 12050 12065 12095 12102 12105 12121 12128 12176 12179 12211
 12212 12212 12220 12223 12267 12356 12372 12375 12454 12504 12518 12543
 12548 12571 12594 12615 12649 12659 12665 12677 12681 12700 12707 12709
 12714 12721 12730 12739 12746 12752 12761 12764 12802 12812 12852 12882
 12937 12940 12951 12971 13018 13053 13059 13101 13104 13114 13114 13117
 13185 13194 13197 13203 13215 13227 13265 13270 13305 13319 13327 13355
 13375 13384 13393 13402 13473 13495 13538 13551 13558 13568 13576 13589
 13642 13642 13649 13658 13710 13727 13742 13754 13757 13770 13814 13822
 13856 13887 13890 13894 13911 13916 13924 13979 13993 13994 13996 14022
 14023 14057 14093 14119 14140 14151 14153 14173 14303 14308 14311 14338
 14366 14385 14393 14406 14417 14464 14475 14522 14577 14584 14593 14598
 14628 14632 14636 14640 14685 14707 14750 14755 14777 14806 14819 14833
 14836 14883 14898 14899 14924 14935 14937 14959 14969 15003 15009 15026
 15049 15059 15094 15097 15106 15148 15152 15154 15167 15170 15185 15219
 15232 15238 15265 15296 15310 15334 15339 15361 15363 15384 15409 15414
 15417 15434 15520 15526 15570 15571 15580 15583 15585 15607 15608 15654
 15654 15659 15747 15755 15765 15787 15799 15800 15830 15830 15852 15868
 15871 15874 15882 15917 16020 16049 16055 16100 16129 16133 16140 16162
 16163 16205 16226 16241 16246 16259 16292 16300 16311 16335 16340 16362
 16369]
samples: 1 841 [    1     4    10    18    25    53    54    59    99   140   164   170
   193   274   286   319   323   338   364   385   395   420   430   439
   445   492   502   536   584   608   644   691   711   735   737   756
   758   799   849   899   905   921   946   948   949  1000  1000  1013
  1043  1090  1097  1128  1144  1155  1184  1225  1242  1255  1315  1352
  1352  1480  1499  1503  1553  1554  1561  1570  1588  1606  1620  1627
  1695  1709  1715  1746  1780  1790  1795  1798  1802  1834  1871  1898
  1915  1947  1980  2012  2033  2066  2079  2101  2146  2146  2161  2214
  2216  2258  2263  2277  2292  2320  2333  2333  2341  2367  2380  2383
  2452  2465  2542  2564  2586  2587  2602  2621  2651  2657  2666  2672
  2675  2692  2693  2710  2713  2719  2751  2775  2797  2799  2824  2829
  2847  2870  2882  2968  2992  3010  3027  3080  3158  3164  3191  3212
  3258  3263  3286  3290  3308  3314  3342  3357  3359  3380  3387  3438
  3438  3461  3464  3470  3486  3497  3510  3527  3535  3540  3554  3587
  3638  3654  3666  3672  3673  3678  3710  3726  3740  3742  3758  3785
  3836  3845  3931  3944  3961  3970  3982  4057  4071  4084  4086  4091
  4109  4123  4125  4128  4171  4213  4215  4217  4257  4263  4269  4289
  4325  4434  4444  4466  4502  4515  4592  4599  4602  4625  4631  4663
  4739  4740  4749  4764  4820  4845  4885  4890  4917  4922  4958  4971
  4977  5018  5023  5103  5106  5133  5148  5221  5226  5250  5266  5273
  5337  5340  5347  5347  5353  5378  5382  5393  5398  5417  5420  5426
  5444  5449  5458  5523  5560  5571  5631  5656  5666  5678  5701  5768
  5799  5848  5857  5869  5891  5898  5906  5915  5926  5927  5941  5981
  6020  6028  6057  6062  6070  6082  6115  6116  6121  6132  6136  6149
  6157  6163  6188  6194  6198  6222  6249  6252  6253  6266  6271  6277
  6285  6324  6346  6347  6392  6400  6413  6422  6430  6436  6445  6494
  6520  6530  6531  6532  6580  6603  6607  6615  6617  6623  6661  6702
  6732  6799  6824  6830  6840  6855  6856  6856  6898  6930  6968  6973
  6985  7050  7061  7081  7089  7109  7137  7143  7145  7173  7173  7188
  7197  7203  7218  7225  7252  7281  7319  7322  7326  7336  7386  7388
  7388  7406  7409  7410  7414  7419  7463  7520  7532  7640  7641  7645
  7685  7732  7734  7764  7767  7768  7783  7815  7820  7871  7883  7898
  7908  7910  7930  8025  8028  8055  8062  8069  8070  8084  8086  8102
  8134  8148  8168  8189  8191  8234  8242  8256  8270  8283  8294  8309
  8382  8385  8446  8449  8457  8467  8473  8569  8589  8623  8687  8706
  8716  8721  8758  8784  8785  8812  8826  8887  8926  8926  8932  8933
  8940  8961  8970  9012  9039  9040  9050  9065  9090  9110  9138  9147
  9203  9227  9249  9279  9362  9373  9390  9436  9442  9444  9446  9446
  9463  9466  9469  9508  9523  9543  9563  9571  9591  9677  9702  9723
  9830  9848  9861  9874  9892  9912  9963  9972  9981 10012 10051 10055
 10057 10073 10081 10103 10137 10160 10173 10182 10204 10240 10244 10270
 10292 10314 10324 10340 10365 10375 10379 10381 10388 10391 10417 10430
 10452 10468 10470 10510 10511 10519 10530 10536 10539 10573 10574 10607
 10652 10657 10670 10670 10684 10745 10745 10772 10816 10845 10848 10862
 10871 10871 10883 10896 10954 10966 11022 11035 11119 11142 11145 11146
 11146 11153 11180 11189 11228 11231 11252 11271 11275 11278 11280 11286
 11287 11301 11311 11344 11347 11361 11397 11407 11408 11413 11425 11435
 11442 11462 11466 11471 11531 11536 11538 11543 11545 11562 11630 11645
 11673 11682 11750 11761 11803 11806 11810 11829 11870 11890 11962 11970
 11997 12002 12032 12044 12050 12052 12064 12080 12102 12140 12142 12170
 12185 12193 12244 12249 12263 12265 12279 12291 12295 12306 12308 12309
 12310 12339 12341 12367 12371 12414 12423 12437 12438 12475 12484 12520
 12550 12555 12586 12593 12594 12629 12684 12687 12727 12729 12759 12773
 12790 12798 12800 12803 12808 12819 12823 12850 12862 12865 12872 12875
 12895 12928 12931 12967 13002 13013 13019 13038 13041 13060 13086 13154
 13180 13202 13234 13322 13347 13372 13389 13436 13482 13485 13489 13501
 13510 13520 13523 13525 13545 13550 13581 13582 13583 13587 13622 13633
 13673 13686 13707 13727 13744 13749 13751 13755 13779 13783 13802 13809
 13821 13838 13853 13860 13869 13877 13926 13942 13996 14000 14020 14026
 14046 14046 14049 14060 14062 14113 14116 14161 14165 14193 14205 14209
 14232 14258 14281 14296 14300 14304 14316 14360 14384 14384 14389 14405
 14409 14448 14455 14475 14503 14534 14561 14577 14629 14649 14653 14654
 14664 14695 14751 14758 14784 14796 14804 14815 14824 14833 14857 14859
 14885 14885 14903 14912 14947 14968 14972 14974 14977 14992 15031 15034
 15114 15134 15138 15178 15181 15186 15214 15245 15251 15257 15257 15290
 15314 15318 15320 15388 15395 15397 15427 15437 15442 15449 15456 15464
 15476 15485 15491 15503 15521 15545 15562 15562 15567 15576 15579 15611
 15637 15656 15684 15736 15778 15783 15796 15820 15821 15831 15880 15896
 15907 15923 15974 15986 15989 15989 16033 16042 16059 16063 16107 16141
 16147 16156 16169 16248 16275 16293 16316 16325 16339 16358 16374 16375
 16377]
sampled_K: (841, 1024)
rescaling_coefficients: (841,)
SK: (841, 1024)
Sb: (841,)
normal matrix: (1024, 1024)
x: (1024,)
time: 6.088632505
loss: 66697.97595525479
