###################################
2022-05-16 23:50:10.973746
Namespace(ndim=2, rows=2048, cols=8, alg=4, seed=0, l2_regularization=0.001, epsilon=0.1, delta=0.01, alpha=1e-05, samples=0)
leverage_scores: [7.999999999409833, 8.000000001737641]
num_columns: 64
num_samples: 388
samples: 0 388 [   4    5   13   13   15   23   24   42   45   53   53   58   58   60
   66   67   70   70   73   74   79   81   83   91   92  106  110  111
  112  115  116  119  129  131  143  160  174  186  186  186  190  194
  196  201  211  212  212  218  226  226  228  235  235  243  245  261
  266  267  287  290  294  313  316  327  335  337  344  346  347  365
  371  389  406  410  426  427  433  436  436  436  459  466  469  473
  477  481  484  486  500  507  509  512  512  514  519  526  530  541
  548  553  564  565  566  575  582  583  587  587  592  599  611  614
  617  623  625  625  630  631  632  636  653  664  668  669  674  675
  680  681  693  699  707  710  714  726  730  754  763  770  777  787
  792  793  814  819  821  822  832  839  841  842  843  843  846  847
  852  853  856  858  860  867  867  871  872  876  901  902  910  918
  919  925  930  931  933  943  943  948  954  966  974  978  981  983
  989  990  997 1000 1005 1008 1015 1016 1028 1031 1033 1044 1064 1074
 1082 1084 1090 1092 1102 1105 1109 1110 1112 1120 1125 1125 1126 1133
 1134 1137 1145 1148 1149 1156 1156 1158 1169 1171 1171 1173 1187 1191
 1207 1210 1211 1215 1217 1225 1239 1242 1253 1255 1257 1272 1278 1280
 1281 1288 1295 1297 1303 1307 1313 1315 1321 1325 1330 1331 1334 1344
 1367 1367 1375 1375 1376 1386 1393 1399 1401 1410 1413 1416 1421 1435
 1440 1441 1446 1459 1475 1484 1488 1488 1494 1496 1505 1505 1511 1513
 1515 1521 1531 1531 1531 1541 1541 1548 1549 1555 1559 1593 1596 1600
 1604 1608 1608 1608 1608 1610 1613 1618 1618 1619 1620 1625 1627 1627
 1627 1629 1631 1642 1652 1662 1662 1668 1671 1675 1681 1681 1687 1690
 1697 1702 1704 1711 1713 1715 1725 1742 1744 1744 1746 1758 1758 1759
 1781 1796 1810 1823 1824 1833 1834 1837 1838 1844 1853 1858 1859 1869
 1878 1879 1879 1882 1886 1889 1890 1901 1910 1911 1914 1917 1917 1922
 1926 1931 1937 1945 1946 1956 1957 1968 1972 1973 1980 1985 1989 2004
 2009 2011 2011 2012 2022 2023 2026 2028 2033 2036]
samples: 1 388 [   1    5    6    6   11   14   15   20   28   30   32   32   32   32
   33   42   46   49   51   54   64   65   70   70   73   76   76   81
   81   83   85   90   98  105  107  110  117  124  124  129  131  149
  149  149  155  159  159  160  169  177  178  180  181  181  182  182
  184  184  195  196  199  203  206  211  214  218  231  231  255  261
  270  276  282  283  284  291  296  300  301  303  309  319  321  334
  340  342  343  349  356  359  369  389  400  411  417  419  426  431
  434  441  441  446  448  453  456  459  461  468  472  479  480  485
  487  495  496  498  505  516  529  532  541  549  551  552  571  574
  588  602  605  607  613  635  643  650  653  654  667  669  670  676
  676  684  686  691  699  722  725  730  734  736  744  745  748  765
  769  772  782  784  784  787  804  807  810  810  825  825  825  833
  857  862  870  872  878  891  892  894  902  902  903  907  916  922
  932  940  952  961  975  985  987  998 1003 1011 1013 1017 1018 1027
 1047 1048 1049 1051 1054 1058 1059 1066 1068 1071 1071 1076 1077 1080
 1081 1082 1087 1091 1096 1101 1107 1110 1115 1120 1120 1133 1139 1142
 1146 1150 1151 1161 1163 1168 1171 1171 1174 1175 1175 1183 1190 1196
 1202 1217 1217 1218 1220 1222 1223 1227 1234 1238 1243 1272 1293 1296
 1297 1299 1302 1308 1308 1313 1324 1332 1339 1349 1349 1356 1356 1356
 1364 1366 1381 1390 1405 1409 1414 1423 1423 1439 1442 1451 1451 1461
 1462 1464 1468 1475 1475 1479 1481 1482 1502 1519 1528 1534 1534 1538
 1543 1548 1548 1548 1549 1552 1564 1565 1575 1588 1588 1610 1613 1620
 1622 1630 1637 1638 1640 1645 1652 1653 1659 1665 1666 1666 1666 1671
 1671 1675 1687 1696 1699 1704 1705 1706 1714 1715 1715 1726 1727 1727
 1734 1758 1766 1767 1775 1779 1781 1781 1789 1789 1795 1797 1810 1824
 1833 1834 1836 1836 1837 1841 1846 1850 1858 1865 1869 1877 1897 1900
 1916 1926 1927 1929 1929 1931 1934 1939 1949 1955 1963 1965 1966 1966
 1978 1997 1998 2002 2005 2017 2023 2024 2034 2047]
sampled_K: (388, 64)
rescaling_coefficients: (388,)
SK: (388, 64)
Sb: (388,)
normal matrix: (64, 64)
x: (64,)
time: 0.01398823299999985
loss: 1.0598833638568375
