###################################
2022-05-16 23:48:47.394616
Namespace(ndim=2, rows=512, cols=4, alg=4, seed=1, l2_regularization=0.001, epsilon=0.1, delta=0.01, alpha=1e-05, samples=0)
leverage_scores: [3.999999997946822, 4.0000000006270895]
num_columns: 16
num_samples: 79
samples: 0 79 [ 40  41  45  45  56  59  60  61  62  68  68  76  79  94 104 115 119 120
 130 136 158 174 184 196 201 202 205 205 210 210 211 213 226 236 243 243
 243 256 258 263 263 267 279 279 291 292 298 302 311 320 327 327 336 338
 343 343 348 353 357 359 364 372 377 402 406 406 414 418 424 450 452 452
 475 475 476 477 489 508 511]
samples: 1 79 [  0  10  12  17  30  46  54  57  60  71  76  76  83  85 105 112 119 128
 133 135 138 142 142 143 153 158 168 201 203 216 220 226 238 241 245 248
 261 264 269 269 272 274 277 282 286 291 293 303 309 310 313 322 329 329
 380 391 396 397 406 413 415 420 422 428 431 431 432 443 445 447 457 460
 466 473 480 483 490 496 504]
sampled_K: (79, 16)
rescaling_coefficients: (79,)
SK: (79, 16)
Sb: (79,)
normal matrix: (16, 16)
x: (16,)
time: 0.0034816070000001087
loss: 0.15612397476487863
