###################################
2022-05-16 23:50:13.367733
Namespace(ndim=2, rows=2048, cols=8, alg=4, seed=2, l2_regularization=0.001, epsilon=0.1, delta=0.01, alpha=1e-05, samples=0)
leverage_scores: [8.000000001460325, 7.999999998263196]
num_columns: 64
num_samples: 388
samples: 0 388 [   5   12   13   14   18   21   23   41   46   49   58   61   61   63
   67   69   77   88   94  102  104  105  114  115  123  129  133  140
  144  157  164  164  165  173  173  176  176  183  195  196  198  198
  200  216  217  222  232  237  241  248  254  255  261  272  274  279
  281  291  294  298  301  305  306  308  326  327  327  329  329  333
  360  361  363  364  366  368  368  375  376  378  391  392  394  397
  407  408  410  412  416  419  424  435  451  456  456  459  473  481
  490  490  497  512  515  522  524  529  530  534  546  551  554  556
  583  593  598  599  610  615  617  618  619  619  629  632  654  657
  657  658  677  677  708  709  715  724  729  738  740  758  764  764
  764  766  766  771  776  776  777  778  786  787  794  798  800  802
  810  813  813  819  825  827  832  842  855  859  860  860  868  872
  875  880  888  895  908  909  911  911  912  918  941  943  948  948
  948  952  954  954  968  974  977  990  992 1001 1020 1020 1024 1039
 1046 1052 1065 1070 1084 1084 1089 1089 1091 1091 1094 1097 1106 1112
 1121 1122 1130 1139 1144 1150 1155 1164 1165 1168 1169 1170 1179 1193
 1194 1196 1197 1198 1199 1202 1219 1233 1236 1243 1251 1257 1257 1264
 1264 1269 1274 1283 1294 1305 1316 1317 1318 1329 1335 1342 1342 1343
 1357 1357 1358 1362 1364 1365 1365 1370 1371 1377 1385 1386 1388 1390
 1392 1393 1397 1399 1400 1404 1404 1409 1415 1416 1417 1427 1430 1433
 1440 1449 1458 1462 1480 1481 1485 1486 1490 1492 1495 1498 1502 1510
 1517 1521 1533 1538 1541 1542 1552 1578 1582 1592 1611 1621 1623 1627
 1628 1632 1639 1643 1653 1657 1665 1665 1670 1680 1681 1681 1683 1688
 1691 1696 1697 1697 1710 1714 1723 1725 1730 1731 1732 1732 1734 1738
 1742 1752 1757 1759 1787 1794 1798 1802 1808 1817 1831 1832 1840 1848
 1851 1854 1857 1868 1869 1878 1881 1883 1888 1892 1893 1897 1903 1904
 1908 1908 1913 1915 1924 1930 1938 1948 1950 1954 1962 1964 1973 1978
 1988 1995 1995 2009 2015 2026 2031 2034 2036 2044]
samples: 1 388 [   0    8    8   12   13   22   28   34   53   57   62   67   68   68
   72   76   77   86   94  100  106  112  116  116  124  134  135  136
  141  142  155  155  168  168  176  177  183  187  200  202  211  222
  240  242  245  246  256  259  263  268  268  279  286  295  311  320
  322  322  330  331  333  337  344  345  345  350  351  351  354  356
  360  361  361  363  365  366  372  372  372  374  374  377  392  415
  416  419  421  424  439  442  449  452  467  468  476  481  483  489
  495  498  504  504  505  514  518  525  530  530  536  543  549  550
  556  559  565  576  577  579  590  592  593  611  612  622  632  640
  652  652  673  673  675  678  700  726  736  739  749  752  755  756
  758  765  767  776  780  785  786  787  787  788  795  798  803  804
  822  824  825  828  839  842  844  854  855  858  862  862  866  873
  875  882  891  903  904  904  915  923  925  931  935  958  960  965
  969  969  976  978  982  987  991  997 1001 1008 1012 1022 1034 1059
 1070 1072 1074 1077 1083 1086 1090 1092 1100 1102 1105 1112 1112 1113
 1114 1118 1128 1137 1138 1143 1143 1146 1160 1173 1174 1205 1229 1241
 1258 1264 1267 1267 1270 1271 1272 1280 1285 1285 1289 1290 1291 1302
 1317 1319 1331 1332 1334 1346 1351 1358 1359 1365 1366 1375 1376 1384
 1387 1391 1393 1397 1402 1404 1404 1416 1417 1420 1422 1423 1424 1434
 1435 1443 1444 1452 1455 1463 1465 1469 1472 1473 1474 1478 1495 1498
 1505 1522 1528 1534 1535 1540 1553 1561 1568 1574 1582 1588 1595 1597
 1598 1602 1604 1607 1607 1608 1610 1611 1620 1621 1630 1645 1648 1657
 1658 1664 1675 1675 1683 1686 1694 1700 1702 1717 1727 1730 1730 1748
 1748 1757 1758 1763 1767 1772 1775 1791 1798 1799 1799 1809 1815 1817
 1820 1823 1828 1833 1835 1844 1848 1869 1879 1880 1888 1904 1905 1911
 1912 1913 1915 1921 1923 1923 1929 1932 1933 1935 1941 1942 1943 1945
 1946 1947 1951 1956 1957 1958 1962 1963 1972 1978 1980 1990 1990 1991
 1992 2001 2001 2006 2011 2016 2018 2023 2026 2043]
sampled_K: (388, 64)
rescaling_coefficients: (388,)
SK: (388, 64)
Sb: (388,)
normal matrix: (64, 64)
x: (64,)
time: 0.014051201000000013
loss: 1.04852518081077
