###################################
2022-05-16 23:50:23.623861
Namespace(ndim=2, rows=4096, cols=8, alg=5, seed=2, l2_regularization=0.001, epsilon=0.1, delta=0.01, alpha=1e-05, samples=0)
leverage_scores: [8.000000001655925, 8.000000001522851]
num_columns: 64
num_samples: 388
samples: 0 388 [  12   24   27   31   40   61   62   67   75   76   88   96   98  119
  152  160  166  186  186  197  197  203  209  212  217  246  252  261
  267  276  278  286  299  306  308  342  344  346  350  352  363  366
  369  369  381  394  409  445  501  521  547  557  559  587  589  601
  605  610  622  624  626  629  630  642  652  656  657  677  691  726
  735  769  776  777  806  807  816  821  834  850  878  880  899  899
  909  909  917  924  930  932  940  975  985  991 1009 1017 1017 1018
 1027 1063 1066 1100 1101 1105 1129 1132 1134 1138 1158 1176 1185 1196
 1200 1201 1226 1227 1229 1230 1241 1254 1263 1267 1273 1281 1284 1286
 1288 1315 1320 1321 1333 1346 1350 1351 1365 1371 1376 1377 1396 1409
 1420 1421 1430 1433 1437 1450 1451 1454 1455 1458 1458 1487 1508 1508
 1540 1549 1570 1574 1586 1589 1604 1639 1654 1676 1677 1682 1684 1707
 1721 1733 1760 1760 1762 1773 1817 1823 1837 1854 1854 1858 1865 1892
 1894 1894 1895 1919 1930 1941 1954 1960 1975 1977 1984 1991 1994 1999
 2009 2021 2024 2029 2045 2045 2048 2053 2054 2056 2063 2081 2097 2097
 2115 2128 2135 2143 2144 2148 2155 2168 2201 2203 2213 2216 2248 2259
 2265 2266 2272 2294 2307 2317 2342 2360 2365 2371 2391 2393 2397 2432
 2448 2448 2449 2457 2471 2472 2492 2518 2518 2523 2529 2547 2586 2598
 2599 2603 2605 2608 2628 2648 2662 2664 2664 2667 2673 2683 2707 2711
 2733 2746 2746 2764 2766 2771 2788 2813 2818 2837 2850 2871 2890 2911
 2912 2928 2953 2958 2966 2966 2970 2986 3018 3023 3025 3041 3042 3086
 3088 3111 3112 3113 3123 3125 3125 3125 3132 3140 3151 3153 3167 3174
 3178 3198 3201 3207 3210 3226 3229 3234 3248 3260 3291 3300 3305 3312
 3325 3342 3353 3373 3393 3393 3396 3410 3423 3425 3426 3427 3436 3438
 3448 3452 3460 3463 3473 3479 3483 3500 3512 3517 3534 3534 3540 3544
 3574 3579 3586 3605 3618 3625 3631 3637 3641 3643 3657 3695 3711 3728
 3729 3734 3763 3774 3780 3826 3877 3885 3892 3898 3905 3936 3947 3961
 3965 3983 4013 4016 4024 4036 4038 4077 4089 4093]
samples: 1 388 [   1    3   11   22   37   52   67   76   78   94  100  101  102  105
  109  113  141  147  151  158  161  182  188  188  192  195  196  200
  207  217  219  231  255  261  291  295  325  331  340  347  352  360
  392  425  430  437  440  442  443  454  458  459  465  467  469  469
  470  472  477  490  491  496  548  556  568  583  587  592  599  609
  613  632  654  656  675  708  713  729  739  751  757  768  786  791
  791  800  812  818  848  850  850  854  884  891  895  895  900  910
  938  939  966 1037 1044 1063 1126 1154 1177 1187 1196 1211 1214 1223
 1243 1258 1261 1266 1274 1295 1296 1297 1298 1351 1359 1359 1368 1402
 1409 1411 1450 1452 1455 1458 1461 1461 1463 1477 1482 1494 1499 1518
 1524 1529 1534 1536 1569 1576 1590 1590 1597 1614 1634 1669 1680 1702
 1702 1707 1714 1719 1730 1742 1757 1772 1773 1781 1782 1784 1809 1825
 1851 1865 1867 1876 1896 1905 1932 1954 1957 1960 1963 1973 1981 1992
 2010 2019 2071 2078 2084 2091 2094 2103 2103 2110 2112 2116 2126 2130
 2134 2139 2144 2151 2157 2166 2167 2174 2201 2234 2254 2264 2275 2277
 2277 2295 2295 2302 2304 2319 2373 2380 2384 2401 2403 2418 2432 2433
 2450 2453 2464 2479 2482 2484 2486 2495 2506 2518 2543 2562 2565 2567
 2597 2597 2599 2601 2603 2632 2634 2636 2643 2643 2653 2659 2662 2664
 2667 2670 2676 2683 2694 2698 2707 2709 2712 2715 2718 2741 2747 2766
 2860 2868 2873 2912 2934 2936 2943 2953 2956 2959 2960 2960 2965 2966
 2968 2971 2995 3013 3017 3019 3031 3063 3076 3077 3080 3082 3091 3097
 3108 3127 3128 3136 3147 3152 3161 3168 3173 3173 3175 3188 3191 3197
 3197 3207 3229 3241 3262 3278 3308 3322 3342 3342 3347 3356 3359 3375
 3383 3391 3411 3416 3428 3452 3456 3458 3512 3515 3521 3526 3529 3530
 3543 3560 3578 3581 3583 3605 3612 3629 3641 3643 3654 3656 3660 3674
 3677 3678 3696 3697 3707 3715 3727 3727 3735 3736 3744 3785 3787 3791
 3799 3800 3803 3815 3840 3842 3852 3863 3865 3867 3873 3875 3884 3887
 3898 3913 3915 3933 3941 3961 3973 3974 3997 4000]
sampled_K: (388, 64)
rescaling_coefficients: (388,)
SK: (388, 64)
Sb: (388,)
KtStSb: (64, 1)
time: 0.031007103999999952
loss: 4.269926539319856
