###################################
2022-05-16 23:51:27.632181
Namespace(ndim=2, rows=512, cols=16, alg=5, seed=2, l2_regularization=0.001, epsilon=0.1, delta=0.01, alpha=1e-06, samples=0)
leverage_scores: [16.000000000658723, 15.999999997584677]
num_columns: 256
num_samples: 182
samples: 0 182 [  0   4  11  14  16  16  17  17  18  20  23  28  28  32  33  37  38  39
  42  50  52  53  57  61  65  79  84  86  90  94 101 107 108 115 120 128
 129 131 131 133 137 140 141 143 147 147 152 152 155 170 174 174 179 182
 184 185 191 198 203 206 211 212 218 218 220 223 225 228 231 234 235 240
 242 249 249 254 254 254 261 262 264 265 266 270 274 274 279 280 291 291
 295 295 295 295 296 298 303 303 303 304 305 313 319 323 328 329 333 334
 334 336 338 339 340 348 350 353 355 356 359 359 361 362 370 374 375 379
 380 382 386 390 394 394 395 399 399 399 400 402 403 403 407 410 412 420
 423 426 428 435 439 440 444 445 445 445 447 448 448 449 450 452 453 454
 460 462 462 463 464 465 470 470 473 476 477 484 492 500 501 503 503 505
 507 508]
samples: 1 182 [  1   1   5   5   5   8  12  16  19  20  20  23  27  35  40  40  43  50
  51  53  55  56  56  58  63  65  65  66  71  77  80  81  89  91  93  98
 100 102 107 112 113 114 116 119 120 121 123 124 125 125 130 130 130 130
 135 137 138 153 156 157 159 159 161 163 164 165 166 169 188 188 191 195
 196 200 201 202 212 214 226 228 235 243 244 246 254 254 254 256 258 268
 268 270 274 275 276 279 281 285 286 286 294 295 296 297 298 300 303 305
 306 310 313 319 320 320 323 324 326 326 335 341 344 349 354 359 360 361
 361 361 363 370 371 380 381 384 389 391 400 402 403 405 405 413 414 417
 418 421 424 424 426 427 428 430 432 432 437 437 441 446 448 448 448 450
 454 458 471 472 473 477 478 479 481 482 485 486 489 492 498 499 499 504
 509 511]
sampled_K: (182, 256)
rescaling_coefficients: (182,)
SK: (182, 256)
Sb: (182,)
KtStSb: (256, 1)
time: 0.02229020699999995
loss: 0.03689957107187811
