###################################
2022-05-16 23:48:45.756884
Namespace(ndim=2, rows=256, cols=4, alg=5, seed=2, l2_regularization=0.001, epsilon=0.1, delta=0.01, alpha=1e-05, samples=0)
leverage_scores: [4.000000000579532, 3.999999998622234]
num_columns: 16
num_samples: 79
samples: 0 79 [  2   2   7   9  21  25  28  28  29  32  39  42  48  49  53  54  55  56
  77  82  82  82  82  88  89  89  89  92  93 105 106 107 109 110 115 117
 119 122 126 134 135 137 137 138 146 146 152 155 158 161 163 164 165 167
 170 172 173 175 186 187 188 190 190 191 203 203 206 215 218 219 221 221
 229 236 243 243 244 250 252]
samples: 1 79 [  1   2   2   7   7   8  13  14  21  23  23  26  28  34  40  43  43  50
  54  55  64  67  70  72  87  89  89  93  94  94  95  95  95  96  99 103
 108 108 117 117 118 127 127 127 129 136 137 139 140 147 147 149 156 156
 159 164 168 172 175 177 179 185 187 192 192 197 199 202 203 206 211 217
 223 225 233 236 237 248 249]
sampled_K: (79, 16)
rescaling_coefficients: (79,)
SK: (79, 16)
Sb: (79,)
KtStSb: (16, 1)
time: 0.005795463000000112
loss: 0.03433594296117306
