###################################
2022-05-16 23:49:02.670510
Namespace(ndim=2, rows=2048, cols=4, alg=5, seed=2, l2_regularization=0.001, epsilon=0.1, delta=0.01, alpha=1e-05, samples=0)
leverage_scores: [4.0000000028765275, 3.9999999998197295]
num_columns: 16
num_samples: 79
samples: 0 79 [   0   14   70   77   80  116  132  135  151  155  160  215  247  262
  313  332  345  375  424  512  517  525  546  561  586  622  681  740
  768  830  850  879  901  942 1054 1063 1070 1085 1099 1120 1167 1180
 1181 1181 1195 1212 1217 1251 1287 1308 1315 1329 1392 1397 1420 1432
 1447 1481 1522 1593 1594 1598 1606 1626 1644 1675 1711 1782 1785 1792
 1796 1801 1844 1851 1854 1862 1881 1999 2034]
samples: 1 79 [  64   72   83   87   89  217  222  235  373  412  444  467  484  521
  526  568  604  628  631  704  705  728  741  898  912  949  958  982
  991 1025 1026 1047 1050 1052 1112 1133 1168 1180 1222 1227 1287 1343
 1349 1357 1364 1417 1432 1440 1444 1498 1511 1516 1539 1554 1569 1570
 1593 1610 1688 1697 1732 1744 1749 1769 1776 1777 1778 1781 1803 1811
 1836 1844 1872 1903 1939 1969 2006 2020 2031]
sampled_K: (79, 16)
rescaling_coefficients: (79,)
SK: (79, 16)
Sb: (79,)
KtStSb: (16, 1)
time: 0.019198215999999935
loss: 2.6011941915150403
