###################################
2022-05-16 23:51:26.426726
Namespace(ndim=2, rows=512, cols=16, alg=5, seed=1, l2_regularization=0.001, epsilon=0.1, delta=0.01, alpha=1e-06, samples=0)
leverage_scores: [16.000000002305804, 16.00000000176345]
num_columns: 256
num_samples: 182
samples: 0 182 [  6   9  10  13  26  26  26  28  31  34  37  41  44  45  45  47  63  69
  69  71  78  79  81  85  86  89  91  92  94  96  97  98 100 104 106 106
 107 108 111 113 118 126 132 134 139 139 140 141 145 153 153 161 167 167
 168 174 176 177 178 186 187 189 190 197 199 204 207 210 210 211 213 215
 222 228 232 233 233 234 244 246 246 248 252 261 263 266 266 269 269 271
 274 274 275 275 280 280 282 282 285 286 286 288 289 292 295 296 298 301
 306 307 307 308 310 311 312 312 313 315 316 317 317 321 323 326 339 341
 341 344 345 346 351 359 361 364 371 371 386 388 393 399 401 402 403 406
 407 409 412 417 418 419 424 425 431 435 436 443 443 445 446 452 453 455
 456 457 460 460 468 476 482 486 486 487 489 490 493 496 500 504 504 504
 507 508]
samples: 1 182 [  0   1   1   1   1   5   9  11  12  13  13  13  16  18  22  26  29  30
  30  30  33  35  40  56  57  61  62  66  73  78  80  88  90  96  99 101
 101 102 105 106 106 111 112 115 119 119 120 121 127 129 131 153 170 170
 171 179 180 189 190 192 194 199 201 204 205 207 214 215 216 218 219 225
 227 227 233 234 235 236 242 245 249 249 252 255 258 259 260 265 273 277
 280 281 283 283 292 293 293 296 304 305 313 315 316 321 325 327 337 337
 339 339 346 347 349 351 353 358 360 365 366 366 367 368 375 375 376 376
 377 383 383 386 387 388 390 394 395 397 402 403 405 407 408 409 411 411
 419 422 428 428 432 434 435 436 438 441 442 442 444 445 446 449 453 454
 457 466 468 468 470 476 478 483 485 492 492 494 494 496 504 506 507 510
 511 511]
sampled_K: (182, 256)
rescaling_coefficients: (182,)
SK: (182, 256)
Sb: (182,)
KtStSb: (256, 1)
time: 0.02093576900000005
loss: 0.038224117902828744
