###################################
2022-05-16 23:51:21.409018
Namespace(ndim=2, rows=256, cols=16, alg=5, seed=2, l2_regularization=0.001, epsilon=0.1, delta=0.01, alpha=1e-06, samples=0)
leverage_scores: [15.999999999763602, 16.000000000020435]
num_columns: 256
num_samples: 182
samples: 0 182 [  0   1   2   4   7   9  10  13  14  18  19  19  19  20  20  20  21  22
  22  25  26  26  28  30  33  33  34  36  37  38  39  40  43  44  45  49
  50  50  51  51  52  53  54  54  57  57  59  60  61  61  64  65  67  68
  69  73  74  77  77  78  84  87  87  87  98 105 106 107 111 111 112 112
 115 116 116 116 117 120 120 123 123 123 128 132 139 141 141 142 142 148
 150 150 150 156 156 158 160 160 162 163 163 164 169 171 171 172 176 177
 178 179 180 181 185 186 186 187 187 187 188 190 191 191 191 193 193 193
 195 196 197 198 198 198 199 201 203 203 203 204 206 207 207 209 210 211
 213 213 213 214 215 216 217 217 218 219 222 222 223 223 223 225 225 226
 226 226 227 228 231 231 232 234 235 236 237 238 240 246 246 248 250 251
 253 255]
samples: 1 182 [  3   3   3   4   7   8   8   8  15  15  16  17  18  19  21  24  25  26
  31  34  35  35  37  39  40  40  40  43  44  47  48  50  51  54  55  55
  56  64  64  68  68  71  72  72  73  73  74  74  76  76  77  77  78  80
  80  81  81  83  84  86  92  93  93  96  96  97  99  99  99 100 100 102
 103 104 111 113 123 123 123 123 126 127 127 129 130 131 131 132 132 134
 134 134 136 137 137 141 141 143 144 144 145 145 147 147 148 149 150 151
 155 156 156 157 161 161 162 165 168 168 170 171 172 173 173 173 177 179
 179 180 182 183 185 186 186 186 189 190 191 191 198 198 199 200 201 201
 202 205 206 206 209 209 217 219 219 220 220 220 221 222 222 224 224 226
 226 228 230 233 233 234 235 238 240 241 242 247 249 250 250 250 250 252
 253 254]
sampled_K: (182, 256)
rescaling_coefficients: (182,)
SK: (182, 256)
Sb: (182,)
KtStSb: (256, 1)
time: 0.02103985999999991
loss: 0.01034941883216596
