###################################
2022-05-16 23:59:17.594603
Namespace(ndim=2, rows=8192, cols=32, alg=5, seed=1, l2_regularization=0.001, epsilon=0.1, delta=0.01, alpha=1e-06, samples=0)
leverage_scores: [32.000000009562626, 31.99999998674223]
num_columns: 1024
num_samples: 841
samples: 0 841 [  17   17   18   26   34   39   58   60   86   89   93   95   98  114
  131  139  145  159  164  169  178  180  195  211  211  222  248  263
  263  267  280  290  303  311  327  335  337  341  346  354  362  388
  403  424  426  433  439  439  451  493  506  511  514  522  528  529
  535  546  548  553  555  605  606  611  613  647  656  664  671  684
  697  700  712  713  719  730  743  747  759  763  771  783  792  818
  819  820  825  827  837  857  874  884  893  913  942  944  949  959
  971  993 1009 1018 1028 1039 1047 1075 1081 1092 1093 1096 1096 1098
 1113 1142 1167 1173 1182 1193 1217 1231 1242 1244 1247 1251 1273 1279
 1288 1292 1309 1313 1321 1324 1339 1367 1367 1369 1376 1397 1400 1411
 1419 1420 1420 1426 1429 1461 1462 1463 1466 1467 1470 1476 1476 1486
 1486 1486 1492 1493 1545 1564 1564 1589 1601 1603 1609 1619 1622 1642
 1642 1648 1655 1678 1691 1694 1707 1712 1717 1720 1765 1769 1779 1785
 1787 1806 1839 1852 1854 1858 1864 1870 1888 1888 1892 1898 1902 1908
 1921 1923 1931 1940 1940 1950 1959 2002 2007 2030 2034 2036 2048 2055
 2061 2063 2075 2084 2104 2105 2110 2111 2116 2118 2124 2126 2149 2154
 2175 2179 2182 2185 2196 2199 2215 2223 2232 2240 2249 2251 2256 2260
 2261 2287 2290 2295 2299 2305 2321 2324 2330 2336 2340 2340 2355 2368
 2371 2375 2388 2399 2418 2422 2445 2463 2473 2481 2529 2550 2552 2559
 2580 2588 2621 2632 2635 2647 2653 2664 2669 2675 2690 2690 2692 2718
 2729 2741 2741 2752 2766 2776 2783 2787 2801 2802 2840 2841 2860 2870
 2876 2888 2897 2909 2912 2944 2944 2953 2979 2997 3007 3015 3020 3021
 3022 3022 3023 3027 3031 3032 3035 3050 3052 3056 3059 3061 3070 3076
 3104 3114 3116 3118 3131 3136 3144 3148 3153 3156 3158 3167 3179 3194
 3197 3198 3206 3215 3218 3235 3245 3254 3261 3283 3283 3290 3294 3300
 3303 3333 3341 3348 3359 3360 3373 3375 3440 3440 3446 3451 3454 3461
 3464 3484 3504 3508 3512 3521 3521 3523 3526 3539 3545 3558 3586 3603
 3610 3611 3614 3629 3640 3655 3660 3693 3699 3750 3750 3759 3767 3780
 3795 3823 3825 3829 3833 3846 3847 3860 3868 3885 3887 3898 3923 3931
 3938 3958 3963 3968 3973 3976 4026 4038 4045 4050 4051 4080 4087 4087
 4088 4091 4100 4102 4112 4117 4121 4125 4152 4153 4180 4189 4192 4193
 4195 4213 4224 4243 4281 4283 4292 4303 4304 4319 4322 4327 4349 4363
 4369 4372 4376 4380 4387 4392 4392 4407 4410 4419 4427 4436 4438 4448
 4454 4456 4474 4475 4481 4509 4514 4515 4520 4521 4541 4547 4551 4557
 4562 4562 4564 4580 4580 4581 4588 4615 4655 4663 4666 4666 4673 4675
 4680 4680 4695 4707 4718 4720 4721 4731 4743 4760 4764 4774 4787 4797
 4799 4853 4885 4892 4902 4908 4909 4915 4938 4947 4952 4956 4981 4982
 5006 5028 5031 5033 5036 5041 5047 5048 5049 5054 5075 5109 5120 5124
 5126 5139 5157 5159 5167 5177 5207 5209 5212 5227 5228 5247 5252 5253
 5255 5264 5265 5269 5269 5270 5275 5275 5276 5296 5301 5302 5310 5318
 5330 5341 5357 5359 5366 5374 5388 5414 5425 5427 5429 5509 5512 5544
 5568 5583 5600 5605 5613 5615 5632 5634 5638 5639 5643 5644 5654 5671
 5675 5681 5688 5690 5694 5711 5715 5723 5726 5727 5730 5734 5763 5800
 5818 5818 5821 5826 5828 5834 5837 5846 5848 5869 5887 5903 5908 5937
 5958 5964 5964 5984 6008 6010 6046 6062 6063 6065 6075 6075 6089 6108
 6114 6121 6125 6129 6132 6141 6142 6144 6148 6163 6166 6195 6206 6206
 6248 6251 6269 6285 6285 6297 6309 6311 6321 6328 6375 6377 6382 6385
 6390 6395 6406 6411 6425 6439 6443 6475 6479 6498 6502 6505 6507 6531
 6536 6542 6557 6599 6600 6603 6607 6610 6628 6650 6656 6657 6671 6683
 6708 6713 6716 6729 6755 6755 6766 6792 6805 6809 6810 6835 6840 6866
 6868 6871 6903 6907 6916 6927 6932 6936 6942 6944 6965 6971 6974 6981
 6999 7010 7028 7041 7048 7059 7070 7074 7077 7078 7079 7083 7088 7090
 7098 7111 7112 7145 7153 7166 7169 7183 7188 7198 7201 7203 7212 7238
 7240 7240 7262 7278 7284 7291 7295 7347 7349 7375 7376 7387 7406 7407
 7410 7429 7430 7442 7443 7445 7459 7484 7488 7494 7509 7531 7538 7540
 7541 7545 7549 7558 7559 7568 7586 7592 7601 7602 7610 7611 7615 7616
 7633 7645 7653 7653 7654 7670 7676 7680 7718 7721 7729 7735 7738 7750
 7756 7761 7799 7800 7806 7815 7816 7825 7830 7863 7868 7879 7885 7900
 7911 7927 7932 7934 7948 7955 7956 7959 7966 7967 7987 7997 8002 8018
 8035 8051 8068 8073 8074 8089 8094 8098 8102 8110 8135 8154 8155 8173
 8178]
samples: 1 841 [   2    2   11   18   33   43   43   45   47   89   90   94  100  110
  114  119  126  143  169  171  177  196  203  210  224  225  238  246
  273  286  291  302  311  321  324  333  353  360  364  374  378  388
  415  441  443  453  453  453  458  461  488  501  504  538  577  583
  590  591  613  628  641  652  687  696  707  711  717  723  723  734
  738  742  755  788  788  799  802  811  815  818  850  866  872  890
  905  905  916  918  921  936  951  951  954  962  987 1008 1009 1011
 1012 1013 1015 1017 1021 1040 1053 1066 1084 1089 1092 1103 1126 1131
 1134 1138 1168 1180 1180 1200 1201 1203 1213 1216 1231 1237 1256 1264
 1275 1279 1309 1310 1318 1326 1328 1350 1356 1374 1380 1381 1387 1398
 1411 1412 1413 1415 1419 1420 1429 1438 1462 1465 1489 1494 1504 1526
 1530 1531 1531 1537 1542 1557 1559 1561 1574 1584 1595 1605 1607 1610
 1611 1613 1621 1637 1639 1655 1679 1681 1690 1691 1701 1706 1725 1732
 1736 1758 1796 1807 1816 1838 1838 1845 1863 1871 1897 1908 1908 1909
 1910 1917 1945 1949 1949 1956 1978 1997 2003 2017 2037 2047 2062 2097
 2118 2137 2148 2155 2181 2198 2202 2205 2207 2222 2226 2227 2233 2239
 2249 2257 2261 2292 2311 2323 2327 2329 2355 2365 2377 2377 2377 2381
 2392 2394 2419 2428 2438 2445 2457 2457 2470 2486 2491 2505 2512 2515
 2542 2549 2568 2579 2592 2593 2625 2626 2653 2663 2665 2683 2693 2693
 2696 2712 2718 2736 2755 2758 2773 2776 2795 2804 2812 2827 2879 2880
 2881 2902 2905 2931 2932 2946 2962 2982 2991 3000 3010 3011 3017 3019
 3039 3042 3047 3057 3081 3085 3088 3134 3137 3153 3164 3186 3195 3195
 3210 3268 3291 3299 3303 3313 3321 3344 3351 3353 3375 3393 3396 3413
 3418 3422 3423 3434 3437 3445 3449 3452 3465 3480 3482 3490 3493 3498
 3499 3499 3500 3507 3513 3532 3537 3537 3551 3556 3560 3566 3574 3575
 3580 3602 3606 3607 3608 3614 3645 3649 3655 3670 3681 3694 3704 3708
 3715 3720 3725 3737 3749 3766 3789 3802 3810 3835 3838 3839 3858 3862
 3863 3864 3867 3870 3880 3882 3882 3883 3883 3904 3907 3930 3947 3952
 3963 3973 3978 3980 3984 3986 3987 4008 4009 4011 4020 4023 4029 4059
 4063 4081 4085 4086 4087 4089 4099 4113 4125 4129 4147 4169 4181 4182
 4192 4201 4222 4223 4228 4249 4278 4280 4319 4322 4330 4334 4339 4345
 4359 4360 4366 4371 4397 4400 4401 4403 4423 4427 4441 4454 4464 4473
 4478 4479 4479 4483 4487 4489 4492 4494 4507 4508 4508 4508 4515 4535
 4543 4548 4565 4576 4577 4586 4586 4594 4594 4598 4614 4634 4651 4674
 4675 4696 4698 4701 4727 4749 4749 4756 4759 4767 4782 4838 4838 4848
 4848 4890 4892 4906 4909 4913 4915 4919 4952 4953 4965 4977 4978 4979
 4982 4989 4994 5005 5013 5024 5031 5050 5061 5077 5088 5089 5092 5122
 5126 5150 5151 5165 5171 5191 5193 5193 5195 5204 5211 5216 5224 5227
 5230 5245 5268 5270 5275 5287 5303 5309 5318 5325 5326 5328 5335 5342
 5356 5372 5400 5402 5407 5416 5427 5429 5431 5438 5466 5468 5471 5474
 5499 5500 5512 5514 5516 5519 5541 5548 5554 5572 5576 5577 5589 5624
 5633 5644 5659 5665 5690 5690 5697 5704 5704 5713 5715 5764 5770 5774
 5780 5783 5794 5796 5804 5812 5812 5841 5849 5864 5878 5895 5896 5899
 5915 5915 5937 5939 5947 5950 5969 5983 5987 5989 6010 6013 6014 6043
 6048 6070 6083 6089 6097 6099 6101 6102 6113 6126 6140 6153 6153 6160
 6164 6165 6170 6170 6172 6174 6212 6224 6229 6232 6235 6256 6264 6311
 6317 6323 6326 6328 6331 6343 6349 6350 6358 6359 6368 6369 6384 6390
 6397 6417 6422 6427 6431 6436 6441 6442 6450 6455 6465 6466 6484 6504
 6504 6515 6517 6518 6526 6545 6546 6552 6577 6577 6580 6582 6594 6597
 6614 6614 6625 6625 6629 6650 6661 6661 6661 6701 6725 6735 6735 6740
 6751 6771 6772 6779 6800 6809 6825 6847 6850 6852 6852 6867 6867 6871
 6921 6921 6953 6954 6967 6967 7019 7040 7047 7050 7069 7080 7105 7109
 7139 7159 7161 7168 7203 7211 7245 7270 7273 7286 7297 7313 7320 7324
 7331 7332 7350 7356 7361 7406 7410 7422 7427 7434 7438 7444 7447 7473
 7514 7531 7532 7534 7538 7540 7542 7579 7584 7596 7597 7598 7603 7608
 7608 7615 7630 7633 7637 7638 7651 7653 7678 7680 7689 7690 7698 7715
 7716 7720 7727 7735 7750 7752 7760 7763 7772 7778 7780 7786 7800 7808
 7814 7825 7830 7844 7848 7848 7851 7865 7867 7869 7876 7890 7896 7904
 7937 7942 7948 7952 7962 7964 7971 7978 7985 7989 7990 7992 8010 8023
 8024 8027 8031 8039 8065 8072 8076 8089 8096 8118 8120 8127 8163 8171
 8172]
sampled_K: (841, 1024)
rescaling_coefficients: (841,)
SK: (841, 1024)
Sb: (841,)
KtStSb: (1024, 1)
time: 0.2485166029999999
loss: 4.8330720140070795
