###################################
2022-05-16 23:49:06.688587
Namespace(ndim=2, rows=4096, cols=4, alg=5, seed=0, l2_regularization=0.001, epsilon=0.1, delta=0.01, alpha=1e-05, samples=0)
leverage_scores: [3.9999999960922974, 3.9999999950358096]
num_columns: 16
num_samples: 79
samples: 0 79 [  48  140  226  238  268  292  394  475  475  679  869 1018 1133 1137
 1207 1464 1510 1555 1630 1645 1683 1688 1690 1696 1734 1835 1848 1863
 1884 1953 1956 1989 1994 2027 2060 2065 2264 2305 2334 2444 2540 2607
 2619 2654 2747 2880 2954 2978 2979 2993 3013 3072 3122 3202 3219 3241
 3253 3287 3341 3381 3404 3422 3430 3486 3489 3512 3565 3667 3674 3757
 3758 3863 3892 3915 3946 4010 4019 4024 4072]
samples: 1 79 [ 149  161  164  192  225  244  320  373  581  585  595  745  824  957
  963 1011 1052 1084 1099 1141 1186 1232 1263 1266 1275 1279 1381 1668
 1672 1729 1749 1752 1774 1846 1898 1975 2055 2099 2127 2219 2242 2291
 2298 2388 2455 2562 2600 2646 2788 2809 2833 2869 2879 2958 3000 3079
 3126 3146 3254 3260 3270 3277 3356 3375 3444 3455 3489 3523 3557 3659
 3695 3785 3807 3825 3827 3952 4052 4060 4068]
sampled_K: (79, 16)
rescaling_coefficients: (79,)
SK: (79, 16)
Sb: (79,)
KtStSb: (16, 1)
time: 0.030370811000000053
loss: 8.610412665822645
