###################################
2022-05-16 23:57:18.567350
Namespace(ndim=2, rows=2048, cols=32, alg=5, seed=2, l2_regularization=0.001, epsilon=0.1, delta=0.01, alpha=1e-06, samples=0)
leverage_scores: [32.000000013920854, 32.00000000489626]
num_columns: 1024
num_samples: 841
samples: 0 841 [   0    2    3    4    6    7    9   15   16   23   24   25   26   28
   29   32   35   36   43   44   50   52   59   64   64   65   65   70
   73   79   80   83   89   96   98   99  101  102  102  104  104  105
  105  106  112  119  125  130  131  132  132  138  138  142  144  145
  146  147  147  151  152  154  156  156  157  158  164  164  164  166
  170  172  173  176  181  181  181  182  188  190  191  195  197  202
  203  212  215  217  217  220  220  223  225  230  230  233  237  238
  240  240  242  243  249  249  251  252  254  255  257  258  259  262
  263  267  267  271  273  273  276  276  278  280  280  282  284  286
  297  298  299  302  302  304  305  306  306  307  307  308  313  314
  314  317  318  321  325  335  336  340  340  341  346  348  351  353
  353  353  362  364  368  371  375  377  377  385  385  387  388  388
  389  391  394  395  397  399  401  401  403  404  406  407  407  407
  414  416  416  424  428  437  441  443  444  444  444  447  447  451
  452  452  452  454  456  457  457  458  465  469  470  470  471  473
  474  474  486  487  488  489  492  494  498  500  504  506  506  508
  511  513  514  514  516  518  522  524  525  526  531  531  532  532
  536  539  540  541  544  545  546  548  550  551  555  556  560  562
  562  565  565  567  567  568  568  569  569  572  575  580  580  583
  589  591  592  595  605  606  608  616  619  626  628  641  646  650
  651  655  658  661  661  661  663  668  669  674  674  674  678  680
  682  686  687  687  690  690  691  697  698  699  700  700  700  703
  704  704  705  713  714  718  720  722  723  724  727  731  733  734
  735  737  738  739  739  740  742  747  748  754  754  755  758  759
  760  760  762  765  766  769  770  771  772  772  772  775  775  778
  780  781  787  788  790  791  800  801  803  803  806  806  808  811
  814  815  817  819  819  819  824  826  829  829  830  833  836  838
  840  844  845  846  846  847  852  853  858  858  864  874  876  879
  880  880  881  882  883  883  886  888  892  895  895  897  898  900
  900  904  906  908  910  911  914  918  918  921  930  934  938  941
  942  956  961  966  969  972  975  979  986  992  995  999 1004 1004
 1007 1008 1011 1014 1020 1022 1022 1022 1026 1027 1029 1029 1029 1034
 1037 1043 1049 1050 1053 1055 1055 1057 1060 1065 1068 1074 1077 1079
 1081 1082 1084 1093 1094 1094 1097 1097 1098 1099 1102 1103 1104 1105
 1106 1112 1119 1122 1123 1124 1127 1128 1129 1129 1130 1131 1132 1143
 1145 1146 1150 1154 1161 1165 1166 1167 1167 1169 1173 1176 1178 1179
 1180 1182 1183 1184 1186 1190 1198 1199 1201 1202 1203 1209 1214 1215
 1216 1224 1228 1229 1231 1233 1236 1238 1239 1242 1246 1249 1250 1251
 1252 1252 1253 1254 1255 1257 1260 1261 1266 1267 1268 1271 1279 1279
 1285 1286 1292 1296 1299 1304 1305 1305 1307 1308 1311 1313 1314 1315
 1317 1327 1331 1333 1336 1338 1345 1349 1350 1354 1355 1355 1357 1357
 1358 1363 1363 1367 1372 1376 1378 1378 1383 1385 1386 1388 1394 1398
 1398 1401 1402 1404 1405 1406 1411 1413 1415 1417 1418 1422 1422 1424
 1424 1425 1425 1428 1432 1433 1435 1435 1437 1440 1440 1446 1448 1450
 1455 1458 1471 1473 1474 1475 1481 1481 1491 1491 1493 1495 1497 1501
 1504 1504 1506 1507 1507 1516 1520 1524 1525 1526 1532 1538 1551 1551
 1553 1553 1555 1561 1562 1564 1573 1575 1576 1585 1588 1588 1590 1596
 1597 1598 1601 1604 1604 1608 1618 1621 1622 1623 1623 1623 1627 1630
 1631 1640 1642 1643 1643 1644 1645 1649 1651 1653 1653 1654 1654 1655
 1658 1658 1659 1659 1663 1663 1665 1667 1673 1674 1675 1678 1679 1684
 1684 1687 1690 1690 1691 1691 1691 1693 1694 1696 1697 1698 1717 1718
 1721 1721 1727 1727 1728 1729 1735 1741 1747 1747 1748 1750 1752 1753
 1754 1765 1770 1774 1780 1781 1785 1787 1787 1788 1792 1793 1795 1797
 1801 1807 1812 1813 1815 1820 1824 1825 1826 1829 1829 1830 1831 1834
 1836 1836 1841 1844 1845 1846 1847 1855 1856 1858 1858 1859 1863 1867
 1873 1876 1885 1887 1888 1889 1896 1897 1899 1900 1901 1902 1902 1904
 1909 1910 1911 1912 1913 1915 1915 1923 1923 1927 1929 1930 1934 1944
 1947 1949 1952 1953 1957 1964 1967 1969 1969 1971 1975 1980 1980 1983
 1983 1987 1988 1990 1991 1996 1997 1997 1999 2004 2005 2007 2007 2007
 2009 2009 2014 2016 2016 2027 2028 2029 2030 2032 2034 2038 2039 2042
 2043]
samples: 1 841 [   1    6    7    8   11   13   14   15   15   16   18   21   21   22
   23   25   25   27   28   29   29   33   34   35   37   39   43   43
   53   53   54   55   57   63   63   66   69   74   74   81   81   83
   83   87   88   92   93   93   94   96   99  101  104  108  111  115
  119  122  137  141  141  143  144  146  148  148  152  154  154  161
  162  171  189  194  195  195  198  199  200  202  202  211  216  217
  221  224  227  228  233  235  237  241  242  244  261  266  269  270
  273  273  274  275  276  276  278  278  278  279  290  295  295  313
  314  315  315  315  316  317  319  319  321  322  323  324  328  330
  334  335  335  336  349  349  351  352  354  357  357  357  362  363
  366  367  367  369  370  370  371  372  372  382  386  390  395  399
  400  401  402  404  407  407  412  412  417  421  427  428  430  432
  432  440  441  444  445  448  448  450  451  452  459  468  468  470
  470  471  475  475  476  477  479  480  482  482  484  485  490  491
  506  508  515  517  519  521  521  521  521  526  531  534  534  534
  535  537  538  540  544  546  546  546  552  554  555  555  557  557
  558  561  562  563  565  565  570  570  570  572  575  577  578  579
  581  593  594  598  600  600  600  612  615  619  619  620  620  626
  627  629  630  631  632  633  635  636  639  640  650  651  651  653
  654  657  663  666  670  671  678  680  681  683  684  691  695  697
  698  699  703  711  711  711  712  712  712  715  715  717  718  719
  720  724  724  731  734  736  736  743  744  750  751  751  755  755
  761  762  780  781  781  785  786  789  790  790  793  796  797  798
  802  806  807  809  812  814  814  815  819  824  825  843  843  844
  846  849  853  854  855  856  862  863  870  871  873  874  880  880
  884  884  885  886  887  887  887  889  890  892  897  898  899  900
  900  901  902  902  905  905  913  918  922  922  923  924  925  925
  929  934  935  936  940  940  948  948  950  952  953  953  957  958
  958  958  960  962  966  973  979  985  988  990  991  992  992  992
  994  996  996  997  997 1006 1011 1012 1012 1013 1013 1021 1024 1024
 1025 1025 1026 1028 1029 1034 1039 1039 1041 1046 1051 1053 1054 1055
 1057 1059 1059 1060 1062 1063 1063 1063 1068 1068 1068 1068 1070 1070
 1071 1072 1076 1080 1082 1083 1086 1088 1094 1096 1097 1101 1102 1103
 1110 1111 1118 1119 1122 1122 1124 1126 1128 1138 1142 1142 1158 1159
 1159 1161 1162 1171 1171 1178 1185 1188 1195 1200 1203 1205 1208 1208
 1209 1209 1210 1213 1216 1219 1220 1223 1225 1227 1228 1229 1229 1231
 1232 1234 1235 1235 1241 1246 1248 1248 1251 1254 1254 1262 1263 1265
 1267 1268 1271 1274 1277 1281 1281 1282 1282 1287 1290 1290 1294 1295
 1297 1307 1315 1318 1320 1320 1327 1328 1332 1332 1333 1334 1335 1338
 1342 1348 1349 1351 1353 1357 1361 1363 1366 1367 1370 1372 1373 1373
 1374 1374 1374 1376 1377 1378 1381 1384 1385 1385 1385 1385 1390 1397
 1401 1404 1405 1405 1408 1408 1410 1414 1417 1417 1417 1421 1425 1426
 1429 1429 1430 1434 1437 1437 1446 1448 1448 1455 1459 1463 1463 1467
 1474 1474 1476 1477 1478 1480 1480 1483 1487 1496 1497 1501 1501 1503
 1503 1508 1509 1509 1515 1517 1521 1523 1528 1528 1528 1528 1530 1532
 1535 1537 1538 1539 1542 1568 1573 1573 1575 1578 1579 1579 1580 1584
 1584 1588 1591 1592 1592 1596 1596 1599 1601 1603 1607 1607 1613 1613
 1615 1616 1618 1619 1621 1622 1627 1636 1638 1639 1644 1647 1649 1654
 1658 1660 1661 1662 1663 1665 1666 1667 1667 1668 1670 1671 1671 1673
 1674 1675 1676 1678 1679 1681 1681 1686 1687 1689 1699 1700 1701 1703
 1705 1707 1711 1714 1716 1717 1728 1729 1731 1731 1732 1739 1740 1741
 1743 1750 1753 1756 1767 1767 1769 1770 1771 1773 1775 1775 1776 1776
 1777 1779 1779 1780 1780 1781 1786 1786 1786 1788 1788 1790 1794 1797
 1808 1811 1812 1817 1821 1822 1826 1826 1827 1829 1833 1835 1837 1839
 1840 1846 1851 1854 1859 1860 1864 1865 1866 1871 1879 1879 1880 1881
 1882 1883 1887 1888 1889 1890 1892 1892 1893 1896 1896 1897 1906 1906
 1908 1909 1914 1915 1915 1916 1916 1919 1920 1925 1926 1928 1934 1936
 1938 1938 1938 1938 1939 1939 1942 1943 1944 1944 1949 1953 1953 1958
 1968 1973 1983 1988 1992 1992 1993 1994 1997 1998 1999 1999 2000 2000
 2002 2003 2005 2009 2010 2012 2015 2016 2020 2021 2030 2032 2033 2038
 2043]
sampled_K: (841, 1024)
rescaling_coefficients: (841,)
SK: (841, 1024)
Sb: (841,)
KtStSb: (1024, 1)
time: 0.20724456400000002
loss: 0.2690058076347681
