###################################
2022-05-16 23:48:54.552025
Namespace(ndim=2, rows=1024, cols=4, alg=5, seed=0, l2_regularization=0.001, epsilon=0.1, delta=0.01, alpha=1e-05, samples=0)
leverage_scores: [3.999999999152479, 4.000000000267302]
num_columns: 16
num_samples: 79
samples: 0 79 [   7   28   46   51   75   76   84  106  116  121  123  127  132  172
  175  183  189  235  299  316  334  340  340  352  354  357  372  394
  399  411  412  414  418  418  428  430  443  461  464  472  501  544
  547  563  588  588  592  596  600  609  626  647  663  670  676  694
  715  725  769  794  798  818  831  848  874  884  915  926  960  963
  964  975  976  995 1001 1001 1012 1016 1016]
samples: 1 79 [ 22  27  29  36  59  69  72  75  86 103 110 118 121 138 154 182 198 199
 234 255 256 275 299 311 311 313 325 358 364 394 400 432 432 441 450 462
 496 511 516 529 561 576 583 586 603 604 626 642 643 646 666 696 709 715
 716 717 738 742 742 807 807 814 819 821 825 831 842 842 845 855 871 883
 910 915 927 931 933 946 957]
sampled_K: (79, 16)
rescaling_coefficients: (79,)
SK: (79, 16)
Sb: (79,)
KtStSb: (16, 1)
time: 0.011754666999999941
loss: 0.5307313694034165
