###################################
2022-05-16 23:51:06.942218
Namespace(ndim=2, rows=16384, cols=8, alg=5, seed=2, l2_regularization=0.001, epsilon=0.1, delta=0.01, alpha=1e-05, samples=0)
leverage_scores: [7.999999997070851, 8.000000006345639]
num_columns: 64
num_samples: 388
samples: 0 388 [  173   176   236   301   336   364   399   424   544   645   664   696
   752   772   805   814   825   959  1027  1045  1055  1162  1190  1198
  1198  1209  1410  1443  1506  1508  1519  1537  1610  1613  1630  1676
  1685  1832  1847  1861  1909  1911  2034  2107  2157  2240  2367  2419
  2439  2447  2456  2464  2475  2541  2541  2596  2606  2613  2683  2687
  2702  2713  2769  2829  2835  2848  2849  2852  2888  2889  2890  2961
  2968  2986  2986  3027  3103  3115  3125  3191  3309  3313  3319  3365
  3376  3428  3442  3513  3585  3626  3641  3649  3740  3742  3763  3785
  3795  3813  3826  3842  3935  4037  4077  4121  4182  4217  4265  4335
  4340  4372  4443  4446  4497  4518  4618  4629  4722  4800  4836  4841
  4845  4892  4899  4971  5005  5030  5030  5084  5133  5141  5146  5147
  5212  5264  5287  5349  5354  5425  5470  5556  5581  5612  5622  5651
  5671  5741  5755  5817  5850  5882  5883  5887  5950  5976  5991  6019
  6031  6053  6090  6134  6202  6209  6317  6448  6465  6471  6582  6590
  6609  6680  6738  6756  6956  7022  7026  7069  7095  7173  7213  7222
  7235  7348  7383  7390  7444  7519  7564  7564  7596  7602  7679  7721
  7737  7877  7880  8172  8219  8244  8270  8347  8388  8428  8441  8455
  8465  8478  8508  8581  8593  8602  8621  8637  8744  8770  8797  8814
  8941  8957  8962  9005  9085  9122  9146  9193  9272  9277  9292  9315
  9356  9523  9552  9564  9579  9643  9648  9655  9666  9694  9728  9796
  9839  9847  9952  9973 10010 10011 10022 10023 10058 10137 10205 10207
 10271 10306 10329 10369 10394 10423 10486 10498 10503 10571 10631 10657
 10690 10744 10773 10826 10852 10920 10959 10992 11097 11133 11149 11158
 11162 11175 11198 11255 11308 11322 11323 11401 11551 11601 11675 11790
 11845 11858 11928 11934 11944 11944 11973 11986 12000 12010 12132 12176
 12215 12265 12273 12278 12328 12330 12351 12437 12500 12524 12660 12667
 12706 12710 12760 12782 12782 12833 12882 12978 13017 13070 13135 13143
 13184 13187 13205 13315 13363 13365 13367 13446 13661 13698 13770 13773
 13843 13884 13905 14087 14111 14125 14188 14193 14224 14259 14322 14378
 14425 14439 14502 14511 14522 14592 14620 14704 14932 14964 14984 15133
 15193 15200 15205 15238 15266 15266 15325 15364 15366 15390 15537 15546
 15553 15560 15618 15623 15681 15685 15710 15729 15868 15898 15903 15951
 16030 16111 16114 16278]
samples: 1 388 [   32    35    38    46    47    97   132   195   203   254   350   350
   370   397   421   469   484   539   579   580   649   653   667   680
   731   803   818   842   861   883   934   981  1044  1077  1139  1141
  1185  1241  1352  1382  1392  1545  1550  1648  1650  1790  1790  1828
  1878  1946  1966  1972  2005  2013  2046  2228  2400  2417  2420  2425
  2442  2482  2507  2534  2551  2558  2594  2628  2644  2686  2687  2706
  2754  2800  2812  2932  3166  3194  3209  3216  3258  3263  3321  3337
  3376  3399  3414  3458  3542  3552  3557  3598  3654  3714  3820  3856
  3908  4008  4034  4038  4041  4080  4101  4117  4134  4167  4248  4311
  4368  4393  4561  4714  4779  4780  4867  4926  4946  4976  5041  5076
  5105  5122  5180  5213  5384  5409  5412  5438  5529  5529  5540  5577
  5593  5671  5687  5742  5750  5765  5805  5817  5822  5858  5883  5945
  5949  6137  6168  6225  6234  6279  6321  6404  6420  6449  6458  6554
  6644  6649  6684  6709  6718  6790  6839  6846  6867  6896  6899  6919
  6923  7047  7100  7151  7224  7256  7304  7338  7340  7487  7547  7574
  7586  7612  7643  7663  7799  7846  7898  7918  7961  7983  8036  8172
  8191  8335  8485  8506  8520  8527  8531  8664  8763  8774  8814  8828
  8867  8921  8930  8944  8961  9057  9149  9157  9188  9251  9293  9308
  9371  9424  9447  9462  9497  9501  9520  9526  9618  9630  9686  9779
  9796  9953 10027 10034 10062 10083 10089 10111 10131 10168 10183 10204
 10210 10227 10269 10296 10333 10356 10410 10413 10440 10463 10545 10580
 10600 10625 10680 10706 10712 10743 10825 10925 11066 11202 11228 11257
 11298 11328 11364 11366 11375 11427 11451 11486 11488 11513 11540 11567
 11607 11639 11663 11850 11903 11980 12008 12043 12044 12114 12116 12121
 12210 12221 12277 12286 12426 12452 12558 12593 12601 12611 12612 12641
 12697 12854 12862 12973 12997 13007 13012 13030 13036 13121 13132 13193
 13199 13204 13214 13257 13305 13353 13387 13417 13495 13617 13636 13642
 13648 13650 13658 13702 13805 13816 13868 13904 13934 13985 14056 14076
 14143 14173 14312 14313 14316 14336 14356 14380 14473 14525 14542 14572
 14607 14638 14641 14652 14709 14749 14781 14820 14948 15004 15029 15059
 15109 15195 15201 15241 15289 15317 15469 15513 15536 15593 15634 15689
 15724 15759 15760 15839 15904 15928 15929 15936 15966 16073 16092 16101
 16113 16281 16283 16291]
sampled_K: (388, 64)
rescaling_coefficients: (388,)
SK: (388, 64)
Sb: (388,)
KtStSb: (64, 1)
time: 0.09019995400000003
loss: 71.33887928224941
