###################################
2022-05-16 23:49:00.250991
Namespace(ndim=2, rows=2048, cols=4, alg=5, seed=0, l2_regularization=0.001, epsilon=0.1, delta=0.01, alpha=1e-05, samples=0)
leverage_scores: [3.9999999987144554, 4.000000001446872]
num_columns: 16
num_samples: 79
samples: 0 79 [  21  117  170  170  183  195  202  231  300  324  341  351  353  427
  441  485  511  569  586  625  634  645  686  687  730  759  770  776
  801  861  867  888  932  938 1042 1077 1189 1191 1202 1228 1230 1238
 1239 1371 1374 1379 1397 1416 1420 1422 1469 1475 1511 1529 1538 1559
 1603 1637 1659 1682 1687 1698 1707 1784 1786 1796 1803 1807 1885 1918
 1923 1938 1959 1964 1996 2010 2013 2020 2023]
samples: 1 79 [  21  114  189  205  232  233  248  264  397  427  479  517  528  542
  583  596  614  629  635  699  710  740  749  784  794  853  868  903
  933  981  998 1001 1037 1051 1093 1142 1188 1209 1227 1228 1242 1245
 1246 1332 1335 1361 1363 1390 1392 1398 1399 1421 1470 1476 1477 1489
 1491 1538 1578 1604 1642 1645 1663 1693 1750 1756 1779 1806 1836 1848
 1887 1900 1914 1924 1954 1970 2012 2030 2032]
sampled_K: (79, 16)
rescaling_coefficients: (79,)
SK: (79, 16)
Sb: (79,)
KtStSb: (16, 1)
time: 0.020021496000000027
loss: 2.311024410978942
