###################################
2022-05-16 23:50:08.131917
Namespace(ndim=2, rows=1024, cols=8, alg=5, seed=0, l2_regularization=0.001, epsilon=0.1, delta=0.01, alpha=1e-05, samples=0)
leverage_scores: [7.999999998787396, 8.00000000037743]
num_columns: 64
num_samples: 388
samples: 0 388 [   5    8   10   11   12   15   15   18   21   23   35   41   41   50
   50   52   58   64   67   68   73   75   77   81   81   85   87   92
   92   93   94   95   96   96  109  109  111  113  113  114  114  115
  117  120  128  131  133  134  136  148  148  158  160  168  168  169
  172  174  175  175  178  195  197  199  202  205  206  207  209  212
  213  214  218  230  238  239  239  240  241  252  259  260  260  265
  271  272  273  273  277  277  281  283  285  291  292  295  297  303
  307  310  312  313  314  318  321  321  322  322  323  326  328  328
  336  337  341  341  342  346  346  347  353  360  360  363  365  377
  382  384  384  385  385  387  387  398  400  400  402  405  405  412
  414  420  425  428  430  432  433  433  438  440  442  443  457  458
  462  462  463  467  472  472  476  477  481  484  486  494  494  500
  501  502  509  511  515  515  517  518  519  521  528  530  535  537
  541  545  547  549  550  551  559  565  568  574  576  580  581  589
  591  591  595  598  600  600  605  606  613  613  613  614  616  620
  623  627  627  629  632  633  635  636  640  640  641  648  649  650
  652  656  657  660  665  667  676  678  679  679  680  684  685  686
  692  693  697  697  702  707  707  708  708  709  709  710  710  711
  720  720  728  728  731  731  735  749  750  751  753  753  753  753
  753  758  760  761  761  763  768  770  772  775  778  779  782  787
  788  790  791  792  793  794  800  802  803  804  817  818  819  826
  828  832  839  839  840  841  841  848  849  850  852  853  872  874
  875  875  879  882  883  886  887  889  889  890  892  892  894  897
  901  901  902  903  908  908  909  916  918  918  923  924  926  928
  929  935  939  940  940  940  943  947  947  949  950  950  953  954
  960  960  961  962  964  964  964  969  970  970  974  975  977  981
  983  986  986  987  989  989  998 1000 1000 1003 1005 1005 1005 1006
 1006 1010 1012 1015 1016 1019 1021 1021 1023 1023]
samples: 1 388 [   2    2   16   16   18   24   24   26   30   33   33   38   40   44
   47   47   52   54   56   60   62   64   69   74   88   89   94   97
   98  100  100  100  101  102  103  110  119  125  128  130  131  142
  147  147  147  154  156  156  158  158  165  168  168  170  171  172
  173  174  174  184  185  188  192  196  196  200  201  202  202  207
  207  208  212  212  213  214  216  216  216  218  220  229  231  235
  236  239  239  240  242  245  246  250  252  253  256  256  257  268
  269  275  279  280  286  287  288  289  290  291  291  294  294  300
  301  301  302  303  311  311  317  320  321  332  337  339  343  346
  349  357  358  361  366  370  371  372  377  381  382  382  383  383
  384  385  386  386  387  387  394  395  396  398  402  402  408  409
  411  413  422  423  423  426  433  435  435  436  437  437  438  438
  443  443  446  448  453  462  463  466  468  470  471  472  473  475
  482  484  486  491  491  495  495  497  497  499  500  503  506  509
  518  520  524  524  525  527  529  539  546  564  567  569  571  577
  577  577  579  580  581  581  584  585  588  589  590  591  591  593
  593  593  594  595  595  596  596  597  606  607  607  607  608  612
  613  614  617  618  619  622  623  625  630  639  640  642  646  648
  650  654  661  663  663  664  666  669  670  670  676  676  678  681
  684  693  699  701  703  708  708  709  710  711  713  714  723  728
  729  734  735  737  737  738  738  742  743  752  753  753  754  761
  769  773  780  780  782  784  788  797  797  798  799  801  802  809
  810  812  813  813  814  815  815  818  818  823  834  835  839  840
  841  844  846  850  850  850  852  852  854  855  857  857  857  862
  867  868  877  877  877  878  882  882  885  886  891  893  894  899
  899  907  912  912  917  921  925  926  929  929  932  935  936  941
  943  943  946  950  956  957  962  963  970  976  976  981  987  990
  993  995  995  995  996  998 1006 1014 1015 1021]
sampled_K: (388, 64)
rescaling_coefficients: (388,)
SK: (388, 64)
Sb: (388,)
KtStSb: (64, 1)
time: 0.019233132000000097
loss: 0.26355619735214214
