###################################
2022-05-16 23:25:26.168920
Namespace(ndim=2, rows=8192, cols=32, alg=5, seed=0, l2_regularization=0.001, epsilon=0.1, delta=0.01, alpha=1e-06, samples=0)
leverage_scores: [31.999999998610146, 32.00000000955465]
num_columns: 1024
num_samples: 841
samples: 0 841 [   1    4   12   18   28   30   40   40   44   50   63   86   88  100
  117  122  156  163  187  191  191  209  217  231  236  241  262  278
  293  293  305  318  321  348  352  376  384  386  404  408  429  447
  455  467  472  473  486  507  512  516  535  542  549  568  583  609
  624  629  645  652  661  664  683  689  692  714  734  761  774  784
  803  811  818  828  849  851  855  856  868  921  926  934  961  963
  970  986 1007 1008 1012 1026 1027 1044 1054 1066 1070 1075 1083 1090
 1091 1094 1110 1119 1127 1141 1154 1205 1209 1222 1226 1255 1267 1269
 1283 1291 1302 1310 1322 1322 1323 1333 1339 1344 1349 1354 1378 1390
 1426 1429 1433 1455 1463 1468 1485 1495 1500 1510 1526 1533 1547 1557
 1558 1565 1582 1590 1602 1606 1614 1633 1636 1645 1662 1663 1670 1673
 1685 1688 1701 1718 1741 1755 1768 1773 1775 1788 1796 1804 1821 1823
 1829 1831 1832 1847 1853 1856 1866 1878 1895 1937 1959 1977 1999 2008
 2018 2034 2039 2049 2050 2055 2063 2065 2065 2076 2076 2080 2120 2120
 2133 2149 2168 2168 2178 2179 2186 2193 2240 2252 2280 2296 2298 2301
 2303 2306 2316 2323 2350 2354 2371 2385 2385 2403 2410 2426 2430 2436
 2437 2456 2460 2473 2506 2522 2534 2534 2545 2548 2550 2556 2563 2567
 2569 2570 2579 2581 2585 2585 2587 2594 2636 2640 2642 2644 2647 2666
 2673 2675 2678 2701 2721 2739 2742 2742 2778 2788 2795 2810 2823 2841
 2843 2848 2855 2862 2898 2902 2911 2913 2929 2930 2940 2952 2956 2973
 3008 3039 3048 3051 3052 3058 3064 3079 3086 3105 3111 3129 3159 3165
 3168 3173 3193 3202 3204 3221 3228 3242 3248 3264 3265 3281 3288 3289
 3310 3316 3327 3375 3386 3386 3411 3415 3415 3433 3442 3447 3448 3449
 3450 3458 3462 3465 3465 3467 3468 3471 3476 3479 3481 3484 3489 3491
 3493 3500 3508 3517 3517 3529 3552 3561 3575 3582 3582 3584 3594 3594
 3630 3643 3656 3662 3669 3694 3700 3726 3741 3772 3773 3774 3776 3797
 3811 3814 3820 3821 3831 3843 3848 3859 3872 3879 3896 3905 3926 3945
 3955 3956 3961 3970 3971 3976 3982 3991 4019 4021 4027 4028 4031 4039
 4040 4050 4054 4059 4062 4066 4076 4076 4087 4091 4120 4170 4172 4175
 4200 4217 4218 4223 4224 4229 4240 4257 4258 4266 4284 4288 4293 4293
 4294 4318 4340 4348 4371 4421 4434 4435 4440 4440 4445 4445 4459 4464
 4481 4481 4482 4488 4502 4505 4508 4511 4521 4531 4550 4563 4566 4570
 4576 4584 4585 4590 4609 4619 4620 4624 4634 4644 4645 4649 4659 4686
 4690 4697 4700 4710 4713 4722 4727 4752 4773 4778 4783 4787 4803 4805
 4814 4827 4829 4835 4835 4856 4857 4858 4867 4872 4906 4907 4909 4925
 4932 4941 4966 4968 4971 4972 4973 4979 4985 4988 4990 4990 4999 5029
 5030 5031 5062 5064 5067 5071 5077 5089 5096 5106 5121 5124 5136 5139
 5139 5144 5156 5163 5176 5199 5199 5219 5221 5231 5236 5246 5267 5289
 5295 5311 5316 5318 5335 5337 5339 5350 5350 5368 5371 5386 5406 5408
 5428 5461 5465 5478 5513 5520 5525 5554 5558 5569 5580 5591 5607 5608
 5642 5663 5667 5667 5671 5678 5697 5708 5725 5727 5735 5737 5750 5765
 5773 5792 5805 5815 5825 5840 5846 5873 5879 5897 5914 5926 5934 5961
 5987 5999 6009 6012 6020 6040 6040 6040 6058 6060 6060 6092 6094 6097
 6102 6134 6138 6152 6181 6183 6199 6199 6205 6211 6214 6222 6230 6231
 6247 6270 6275 6276 6283 6284 6295 6296 6296 6299 6306 6325 6335 6363
 6363 6380 6382 6385 6388 6402 6402 6404 6413 6413 6415 6415 6422 6425
 6427 6442 6487 6505 6505 6517 6519 6531 6531 6536 6545 6553 6574 6577
 6577 6591 6604 6615 6623 6629 6637 6659 6665 6669 6671 6674 6677 6707
 6712 6771 6777 6784 6794 6796 6796 6805 6809 6813 6836 6837 6844 6846
 6852 6853 6859 6862 6896 6901 6918 6925 6927 6929 6941 6945 6946 6946
 6966 6969 6978 6979 6981 6983 6985 6996 7003 7004 7012 7012 7017 7022
 7028 7035 7051 7071 7108 7128 7135 7146 7152 7155 7172 7181 7183 7224
 7232 7249 7255 7257 7258 7271 7272 7295 7326 7331 7356 7359 7396 7398
 7413 7421 7427 7429 7430 7431 7435 7441 7447 7460 7464 7465 7474 7483
 7493 7503 7512 7529 7531 7551 7554 7560 7589 7591 7593 7593 7597 7607
 7610 7610 7617 7618 7630 7630 7632 7652 7672 7683 7695 7695 7695 7703
 7720 7734 7736 7750 7752 7764 7765 7770 7773 7778 7783 7787 7789 7808
 7812 7816 7822 7836 7857 7860 7866 7881 7882 7883 7900 7902 7903 7904
 7929 7945 7949 7949 7949 7960 7975 7987 7995 8002 8013 8014 8035 8050
 8089 8103 8106 8117 8133 8155 8159 8160 8164 8165 8177 8181 8183 8188
 8191]
samples: 1 841 [   1    3    5   19   23   23   31   68   88   98  101  106  148  167
  204  218  224  227  233  251  257  293  296  298  300  304  319  319
  319  326  328  328  334  352  353  353  365  378  384  388  401  419
  439  473  484  489  494  500  506  507  530  536  544  557  575  575
  607  612  619  622  629  647  657  671  706  711  714  724  728  734
  743  751  763  773  801  814  829  830  830  867  877  893  901  920
  929  934  940  950  953  965  988  993 1005 1007 1012 1023 1027 1027
 1035 1045 1053 1058 1102 1106 1118 1121 1123 1133 1156 1156 1162 1169
 1170 1206 1206 1206 1207 1211 1228 1230 1245 1250 1254 1254 1262 1277
 1299 1300 1315 1316 1317 1323 1337 1361 1371 1379 1383 1391 1398 1426
 1433 1434 1437 1441 1449 1466 1468 1501 1513 1533 1574 1590 1619 1640
 1645 1649 1661 1672 1697 1704 1721 1734 1777 1782 1816 1820 1833 1840
 1842 1857 1863 1869 1869 1871 1871 1873 1877 1886 1903 1915 1919 1919
 1923 1941 1960 1962 1980 1982 1986 2012 2050 2050 2053 2055 2068 2069
 2076 2088 2090 2098 2107 2107 2120 2147 2162 2171 2176 2179 2241 2250
 2251 2251 2258 2261 2274 2284 2284 2292 2300 2315 2317 2317 2318 2324
 2331 2331 2344 2354 2357 2358 2364 2364 2364 2377 2389 2397 2404 2407
 2423 2431 2433 2443 2446 2449 2451 2459 2463 2463 2464 2465 2471 2479
 2489 2494 2495 2508 2508 2537 2548 2550 2556 2558 2562 2614 2627 2655
 2677 2678 2681 2683 2696 2709 2709 2722 2728 2768 2797 2804 2808 2814
 2814 2816 2820 2821 2830 2833 2853 2854 2878 2878 2885 2890 2904 2920
 2936 2957 2957 2963 2966 2967 2967 2971 2971 2972 2974 2984 2989 2993
 3003 3006 3023 3023 3038 3044 3046 3055 3063 3069 3072 3074 3093 3118
 3143 3157 3172 3197 3197 3200 3209 3221 3228 3240 3240 3243 3249 3267
 3285 3294 3296 3306 3313 3318 3321 3328 3330 3351 3355 3364 3372 3375
 3379 3393 3404 3411 3413 3441 3445 3450 3477 3477 3478 3483 3488 3493
 3507 3516 3532 3532 3533 3546 3550 3575 3581 3593 3597 3600 3606 3628
 3631 3633 3667 3671 3676 3685 3696 3727 3733 3760 3775 3790 3804 3805
 3818 3820 3834 3834 3857 3863 3865 3866 3879 3895 3896 3902 3904 3905
 3911 3918 3918 3929 3933 3951 3986 3991 4021 4023 4035 4039 4042 4050
 4053 4055 4061 4071 4073 4074 4074 4076 4097 4101 4114 4116 4120 4136
 4140 4151 4170 4181 4187 4196 4207 4230 4251 4267 4286 4290 4317 4341
 4352 4352 4359 4360 4370 4387 4393 4413 4416 4436 4446 4454 4459 4460
 4462 4465 4484 4491 4500 4510 4517 4520 4526 4529 4542 4544 4574 4581
 4582 4587 4598 4615 4616 4635 4642 4654 4665 4674 4689 4701 4714 4717
 4733 4736 4744 4747 4771 4783 4789 4807 4842 4843 4849 4852 4860 4861
 4863 4872 4877 4881 4890 4894 4897 4913 4921 4923 4928 4940 4957 4966
 4973 5012 5026 5039 5043 5044 5059 5060 5062 5121 5122 5154 5155 5177
 5179 5201 5230 5239 5269 5272 5288 5288 5290 5295 5306 5309 5313 5323
 5326 5333 5333 5341 5357 5362 5380 5420 5420 5447 5453 5477 5478 5479
 5514 5514 5539 5544 5548 5552 5569 5572 5577 5586 5608 5610 5646 5653
 5659 5664 5690 5697 5702 5704 5724 5731 5733 5755 5759 5760 5764 5774
 5778 5779 5790 5791 5800 5803 5814 5815 5818 5819 5847 5857 5859 5863
 5876 5914 5923 5926 5926 5941 5946 5949 5957 5970 5982 5998 6013 6022
 6024 6027 6028 6030 6045 6056 6082 6102 6115 6116 6124 6127 6136 6152
 6154 6155 6158 6162 6171 6196 6209 6220 6224 6227 6228 6255 6256 6258
 6273 6293 6308 6310 6320 6320 6326 6328 6329 6335 6337 6365 6383 6383
 6384 6394 6420 6436 6437 6442 6448 6453 6455 6463 6484 6492 6493 6495
 6500 6502 6539 6540 6570 6577 6583 6593 6599 6600 6602 6619 6632 6650
 6652 6657 6682 6687 6715 6723 6738 6740 6789 6794 6800 6808 6811 6812
 6817 6832 6842 6848 6864 6873 6881 6892 6894 6927 6940 6963 6964 6965
 6969 6974 6974 6977 6988 6991 7003 7004 7057 7058 7081 7081 7082 7086
 7103 7111 7132 7137 7141 7172 7172 7180 7203 7209 7216 7221 7261 7286
 7308 7326 7331 7331 7337 7356 7357 7360 7360 7373 7381 7386 7388 7398
 7401 7406 7413 7420 7427 7454 7474 7480 7482 7483 7507 7511 7524 7531
 7535 7552 7554 7567 7582 7584 7585 7596 7601 7603 7608 7609 7646 7647
 7647 7656 7662 7673 7682 7705 7725 7736 7743 7748 7749 7752 7754 7758
 7760 7768 7771 7779 7793 7797 7802 7822 7827 7842 7863 7890 7897 7898
 7914 7915 7920 7928 7938 7956 7962 7971 7971 8002 8010 8010 8012 8018
 8023 8048 8052 8055 8060 8065 8102 8121 8134 8135 8138 8146 8163 8174
 8190]
sampled_K: (841, 1024)
rescaling_coefficients: (841,)
SK: (841, 1024)
Sb: (841,)
KtStSb: (1024, 1)
time: 0.2815370509999999
loss: 4.752642966185892
