###################################
2022-05-16 23:49:09.511847
Namespace(ndim=2, rows=4096, cols=4, alg=5, seed=2, l2_regularization=0.001, epsilon=0.1, delta=0.01, alpha=1e-05, samples=0)
leverage_scores: [4.0000000034224374, 4.00000000603824]
num_columns: 16
num_samples: 79
samples: 0 79 [  29   36   48  116  126  208  229  231  263  325  328  352  393  432
  434  443  463  507  548  613  735  784  831  845  908 1193 1226 1255
 1296 1469 1521 1529 1544 1549 1563 1594 1673 1704 1804 1815 1891 1929
 2235 2271 2347 2377 2383 2505 2517 2537 2622 2676 2719 2725 2727 2734
 2795 2803 2828 3080 3161 3261 3304 3310 3326 3363 3394 3419 3448 3465
 3593 3660 3755 3777 3784 3817 3861 3883 4063]
samples: 1 79 [  11   54  206  285  292  353  491  554  558  607  613  625  658  718
  732  738  757  758  794  861  879  925  994 1081 1089 1111 1119 1190
 1239 1242 1272 1352 1411 1480 1531 1621 1728 1745 1757 1763 1793 1807
 1846 1917 2019 2061 2093 2117 2184 2237 2253 2269 2332 2333 2487 2528
 2620 2655 2707 2757 2773 2778 2790 3003 3027 3062 3184 3240 3275 3357
 3411 3460 3468 3513 3583 3928 3960 3971 3991]
sampled_K: (79, 16)
rescaling_coefficients: (79,)
SK: (79, 16)
Sb: (79,)
KtStSb: (16, 1)
time: 0.029244261999999965
loss: 8.96498932392578
