###################################
2022-05-16 23:48:44.683412
Namespace(ndim=2, rows=256, cols=4, alg=5, seed=1, l2_regularization=0.001, epsilon=0.1, delta=0.01, alpha=1e-05, samples=0)
leverage_scores: [3.9999999999431344, 4.000000000891543]
num_columns: 16
num_samples: 79
samples: 0 79 [  0   1  22  31  31  31  32  33  34  40  42  48  48  50  50  52  67  69
  73  75  75  78  78  83  85  91  91  98  98 100 103 104 117 122 123 123
 125 130 131 133 134 135 141 141 146 148 148 153 154 155 155 155 157 161
 165 167 167 167 176 183 184 185 196 197 197 197 206 210 211 213 217 221
 226 235 241 241 243 252 255]
samples: 1 79 [  5   5   7   7   7  12  17  19  23  45  45  45  46  46  57  58  61  68
  69  69  71  74  87  87  90  92  93  93  99 103 105 107 108 112 116 120
 123 125 127 128 137 139 152 152 161 165 165 166 167 169 171 171 172 173
 175 178 181 181 184 191 194 198 200 200 218 220 220 220 221 225 231 234
 237 238 243 245 250 250 254]
sampled_K: (79, 16)
rescaling_coefficients: (79,)
SK: (79, 16)
Sb: (79,)
KtStSb: (16, 1)
time: 0.006165874999999987
loss: 0.035744401286068136
