###################################
2022-05-16 23:24:18.806832
Namespace(ndim=2, rows=2048, cols=16, alg=5, seed=0, l2_regularization=0.001, epsilon=0.1, delta=0.01, alpha=1e-06, samples=0)
leverage_scores: [15.999999997984402, 15.999999992627608]
num_columns: 256
num_samples: 182
samples: 0 182 [  23   31   36   39   51   56   57   57   57   59   65   88   88  119
  136  143  163  194  203  219  247  252  273  282  283  312  313  319
  322  323  361  369  371  387  394  401  424  440  470  475  476  476
  486  488  512  532  543  554  562  565  565  578  584  587  597  608
  610  614  614  631  657  660  666  695  707  714  720  722  732  756
  757  757  784  858  869  880  880  898  921  939  946  955  988  991
 1030 1031 1031 1046 1049 1057 1064 1077 1088 1104 1138 1148 1154 1155
 1164 1166 1173 1182 1190 1205 1209 1224 1225 1238 1248 1267 1274 1279
 1286 1305 1308 1315 1330 1360 1385 1385 1409 1438 1466 1480 1490 1495
 1497 1523 1530 1534 1544 1564 1564 1570 1572 1582 1597 1599 1601 1604
 1639 1641 1664 1666 1680 1680 1694 1694 1703 1703 1709 1710 1716 1723
 1736 1740 1756 1760 1771 1780 1793 1807 1824 1847 1848 1870 1878 1900
 1903 1905 1917 1917 1923 1929 1965 1977 1978 1985 2011 2018 2037 2044]
samples: 1 182 [   1    6   13   15   86   93  104  108  112  137  139  145  161  164
  165  169  169  176  178  183  184  196  198  202  204  224  233  255
  258  272  294  320  345  367  370  377  385  415  421  424  435  444
  445  458  487  501  503  504  509  516  525  527  536  586  599  600
  617  623  623  624  626  627  652  671  689  708  719  725  772  778
  791  794  814  831  833  843  843  867  883  889  906  915  917  927
  944  948  950  951  963  969  978 1000 1005 1011 1034 1048 1059 1082
 1086 1129 1133 1152 1178 1184 1197 1210 1213 1214 1218 1237 1237 1244
 1261 1263 1270 1273 1289 1330 1335 1347 1359 1373 1373 1376 1396 1404
 1421 1427 1429 1438 1444 1447 1448 1453 1471 1477 1485 1498 1508 1545
 1564 1566 1580 1599 1602 1604 1605 1608 1622 1629 1632 1633 1647 1647
 1654 1692 1705 1710 1742 1751 1761 1775 1782 1785 1791 1795 1808 1843
 1863 1863 1888 1905 1924 1927 1927 2006 2007 2010 2025 2034 2038 2044]
sampled_K: (182, 256)
rescaling_coefficients: (182,)
SK: (182, 256)
Sb: (182,)
KtStSb: (256, 1)
time: 0.02902731599999986
loss: 0.662940501539194
