###################################
2022-05-16 23:24:14.203214
Namespace(ndim=2, rows=128, cols=16, alg=5, seed=0, l2_regularization=0.001, epsilon=0.1, delta=0.01, alpha=1e-06, samples=0)
leverage_scores: [16.000000002571515, 16.00000000061766]
num_columns: 256
num_samples: 182
samples: 0 182 [  0   0   1   1   1   2   2   5   6   6   6  10  13  13  13  14  15  16
  17  17  18  18  20  20  20  21  21  21  23  23  23  24  24  24  26  26
  26  28  29  29  29  30  30  31  32  32  32  32  33  34  34  38  39  39
  40  41  42  45  46  47  49  50  51  51  51  52  52  53  53  53  53  54
  54  55  56  56  56  57  57  57  57  57  57  58  58  58  59  60  62  62
  63  64  64  66  66  68  68  68  69  74  74  75  75  75  76  77  78  78
  79  79  80  80  81  83  84  85  85  86  86  88  88  90  90  92  92  93
  94  94  94  96  96  96  96  97  97  97 100 100 100 100 101 102 102 103
 103 104 104 106 107 108 108 109 109 110 111 111 112 113 113 113 113 114
 115 115 116 117 117 118 118 118 119 119 121 122 122 122 122 123 124 124
 125 125]
samples: 1 182 [  0   0   0   0   0   1   1   3   4   5   6   6   7   8   9   9  10  10
  10  11  12  12  12  15  17  18  19  20  20  21  22  22  22  25  26  27
  30  30  31  31  33  33  34  34  34  35  35  35  37  38  38  38  40  40
  40  41  43  44  45  46  49  49  49  50  51  51  52  52  53  55  55  58
  59  59  59  59  60  61  61  62  63  64  66  66  66  66  66  66  67  70
  71  73  74  75  76  76  78  78  78  78  79  79  79  79  80  80  81  82
  82  83  83  84  86  86  87  87  87  87  87  88  88  88  88  89  91  91
  92  92  92  93  93  94  95  95  95  95  97  97  99 100 100 101 102 102
 102 102 105 106 106 106 106 108 109 109 109 110 110 110 111 111 111 112
 112 113 113 114 114 115 115 116 117 117 118 120 120 120 121 123 123 124
 126 127]
sampled_K: (182, 256)
rescaling_coefficients: (182,)
SK: (182, 256)
Sb: (182,)
KtStSb: (256, 1)
time: 0.018391641999999875
loss: 0.002352921603727345
