###################################
2022-05-16 23:50:09.269132
Namespace(ndim=2, rows=1024, cols=8, alg=5, seed=1, l2_regularization=0.001, epsilon=0.1, delta=0.01, alpha=1e-05, samples=0)
leverage_scores: [8.00000000068544, 7.999999998408027]
num_columns: 64
num_samples: 388
samples: 0 388 [   1    2    2    4    4   10   15   15   17   19   22   25   25   25
   27   27   29   34   38   48   50   51   51   52   54   55   61   64
   65   65   68   68   71   75   76   82   87   89   90   91   95  109
  113  122  122  127  131  133  138  139  141  142  156  159  159  163
  163  168  171  173  179  179  183  183  185  189  192  194  196  197
  198  200  203  203  203  205  207  208  209  210  213  214  215  217
  217  218  221  225  227  227  230  230  233  241  242  244  246  251
  256  256  267  273  281  282  283  284  294  301  308  309  316  325
  337  338  338  339  340  341  349  356  357  359  360  360  374  377
  381  383  385  386  389  393  394  395  401  404  405  410  410  411
  415  417  423  423  425  428  428  428  429  431  435  438  441  448
  456  459  460  460  466  470  470  471  472  477  478  481  489  489
  490  493  495  497  498  506  506  507  512  518  520  521  524  525
  526  526  529  533  533  533  538  539  540  543  547  548  549  550
  551  552  558  558  561  561  564  565  565  568  571  574  575  578
  581  582  582  585  586  586  592  592  594  598  602  611  612  612
  614  614  615  616  617  620  622  624  625  628  629  632  632  632
  634  634  636  636  643  647  648  654  654  657  676  677  679  682
  682  682  683  688  690  692  698  700  702  703  708  710  713  718
  722  723  728  729  739  740  740  743  743  743  744  754  756  758
  760  762  764  772  776  776  777  778  784  787  787  789  791  798
  798  800  803  804  807  807  813  813  813  815  816  816  820  820
  821  824  826  827  828  838  838  841  841  852  853  854  864  867
  867  873  874  875  878  878  880  885  887  888  889  890  892  892
  895  896  898  900  905  906  908  911  912  912  914  917  919  920
  921  921  936  939  941  942  946  953  954  956  961  965  970  972
  973  975  975  978  980  986  990  990  991  995  995  997 1000 1006
 1007 1008 1011 1013 1015 1015 1017 1022 1022 1023]
samples: 1 388 [   0    1    3   11   13   14   15   19   22   34   35   38   48   50
   51   52   55   58   59   60   60   61   63   65   65   66   71   71
   74   74   74   79   82   83   83   91   93   95   95  102  104  104
  106  106  108  108  122  123  130  138  139  140  141  141  145  159
  166  172  175  177  177  181  181  183  185  187  190  192  195  199
  201  201  202  203  203  204  208  213  217  231  232  237  239  241
  242  243  244  250  253  255  255  258  260  266  278  278  278  281
  284  285  288  289  291  291  292  293  302  304  305  306  306  306
  307  307  316  321  323  324  325  332  335  341  341  344  344  344
  349  349  350  351  351  351  352  353  354  359  361  364  365  366
  369  369  369  369  370  371  372  377  377  380  384  386  388  396
  397  399  399  404  406  407  407  415  415  418  421  431  432  436
  437  438  439  440  444  445  449  451  453  454  454  454  456  458
  460  460  466  472  474  475  475  481  485  486  487  488  491  493
  493  493  497  506  509  521  522  522  526  526  527  535  547  549
  554  557  559  560  563  566  575  581  582  584  587  589  589  590
  593  597  598  598  599  600  602  607  609  609  610  611  614  616
  619  621  627  630  631  634  634  640  641  642  643  643  644  644
  648  650  653  659  661  667  673  674  677  678  679  680  681  687
  693  694  698  698  704  706  707  708  708  710  710  720  722  722
  728  732  733  733  734  735  743  745  746  750  750  752  757  759
  760  760  760  766  772  773  780  783  785  787  787  790  791  791
  795  804  805  814  815  816  818  820  823  825  826  838  841  841
  843  844  844  846  853  854  859  868  868  875  875  876  883  884
  886  889  891  892  898  902  903  903  916  918  921  921  924  928
  932  940  942  944  948  952  957  958  960  960  966  968  968  968
  969  970  974  975  976  976  981  982  987  987  997 1000 1002 1010
 1011 1012 1013 1013 1016 1018 1019 1022 1023 1023]
sampled_K: (388, 64)
rescaling_coefficients: (388,)
SK: (388, 64)
Sb: (388,)
KtStSb: (64, 1)
time: 0.021525417999999963
loss: 0.27399887574859616
