###################################
2022-05-16 23:48:43.596769
Namespace(ndim=2, rows=256, cols=4, alg=5, seed=0, l2_regularization=0.001, epsilon=0.1, delta=0.01, alpha=1e-05, samples=0)
leverage_scores: [4.000000000416782, 4.000000000655774]
num_columns: 16
num_samples: 79
samples: 0 79 [  1   3  17  18  19  32  35  39  39  52  54  55  59  61  66  68  73  74
  76  78  81  82  85  89  97 102 106 108 114 114 116 117 121 123 126 128
 130 132 138 139 142 145 147 147 148 150 151 151 154 156 158 159 168 169
 171 171 171 174 176 185 185 187 188 195 198 199 201 203 204 212 232 234
 238 241 241 244 246 252 255]
samples: 1 79 [  5  22  24  24  24  25  29  31  32  33  34  37  38  41  43  44  44  48
  49  51  53  56  57  58  61  68  69  69  73  75  78  79  80  84  87  88
  94  96  98 109 110 110 116 116 117 119 121 121 130 132 137 138 138 149
 151 154 159 163 163 166 173 174 184 189 190 190 193 209 214 218 218 221
 223 223 229 229 235 241 255]
sampled_K: (79, 16)
rescaling_coefficients: (79,)
SK: (79, 16)
Sb: (79,)
KtStSb: (16, 1)
time: 0.004668700000000081
loss: 0.03341738921775549
