###################################
2022-05-16 23:50:53.934881
Namespace(ndim=2, rows=16384, cols=8, alg=5, seed=0, l2_regularization=0.001, epsilon=0.1, delta=0.01, alpha=1e-05, samples=0)
leverage_scores: [8.000000000150594, 8.000000017582954]
num_columns: 64
num_samples: 388
samples: 0 388 [   13    59    76   116   241   254   256   377   387   396   445   445
   490   515   525   575   645   653   875   990  1000  1028  1042  1057
  1062  1074  1117  1162  1164  1165  1234  1255  1324  1335  1348  1411
  1511  1516  1582  1597  1605  1629  1672  1704  1708  1731  1753  1789
  1796  2097  2128  2172  2177  2193  2257  2345  2420  2451  2577  2642
  2670  2727  2935  2948  3011  3015  3063  3096  3097  3099  3142  3202
  3215  3216  3267  3277  3388  3464  3468  3551  3584  3680  3686  3722
  3789  3800  3825  3864  3873  4050  4064  4108  4127  4146  4215  4281
  4310  4362  4397  4594  4611  4618  4622  4639  4732  4773  4846  4891
  4908  4939  4952  5002  5037  5190  5201  5227  5266  5277  5304  5369
  5424  5490  5533  5546  5561  5594  5681  5699  5743  5750  5809  5819
  5840  5939  5945  6104  6121  6122  6236  6249  6323  6368  6405  6436
  6436  6442  6509  6529  6559  6570  6617  6662  6692  6700  6716  6830
  6855  6862  6904  6931  6959  7066  7164  7272  7283  7296  7309  7330
  7434  7462  7637  7713  7891  7891  7919  7934  7951  7991  8033  8090
  8102  8132  8221  8251  8254  8302  8410  8416  8470  8476  8528  8584
  8613  8767  8816  8837  8850  8876  8893  8973  9109  9126  9173  9223
  9224  9307  9328  9409  9453  9454  9466  9635  9645  9654  9660  9662
  9704  9704  9740  9743  9848  9939  9948  9960  9983 10032 10121 10127
 10132 10135 10149 10182 10230 10257 10259 10276 10284 10355 10375 10391
 10432 10530 10668 10672 10743 10758 10759 10784 10784 10848 10862 10871
 10901 10907 10953 10997 11054 11063 11066 11109 11114 11127 11130 11162
 11171 11233 11323 11371 11544 11641 11656 11737 11743 11779 11796 11802
 11904 11931 11959 11970 12079 12093 12102 12147 12158 12164 12167 12200
 12312 12417 12462 12480 12537 12586 12607 12761 12831 12852 12855 12888
 12956 12999 13055 13140 13151 13160 13163 13180 13200 13336 13409 13433
 13552 13664 13676 13689 13820 13848 13872 13873 13952 14040 14054 14087
 14094 14166 14173 14200 14246 14262 14360 14505 14574 14637 14653 14657
 14681 14693 14710 14724 14727 14728 14730 14749 14852 14864 14868 14909
 14913 14927 14954 14967 15003 15009 15038 15073 15086 15122 15138 15140
 15154 15157 15225 15248 15293 15307 15323 15384 15388 15504 15536 15546
 15551 15636 15668 15682 15733 15804 15880 15881 15913 16234 16264 16286
 16303 16328 16340 16357]
samples: 1 388 [   66   123   129   156   250   269   271   294   319   418   468   485
   495   559   614   770   792   821   833   853   941   942   954   958
   960   981   983  1011  1073  1110  1177  1230  1269  1344  1392  1451
  1527  1536  1647  1657  1659  1717  1732  1759  1760  1874  1885  1959
  2023  2103  2137  2281  2354  2447  2448  2597  2638  2806  2814  2892
  2917  3074  3095  3111  3119  3202  3291  3427  3490  3560  3699  3726
  3794  3814  3883  3893  3931  3971  4089  4155  4184  4230  4259  4331
  4347  4352  4378  4393  4401  4401  4461  4476  4495  4495  4568  4575
  4592  4619  4793  4905  4928  4929  4965  4977  5070  5105  5129  5145
  5153  5163  5234  5244  5259  5284  5432  5472  5476  5550  5600  5697
  5710  5745  5787  5829  5831  5858  5862  5872  5872  6146  6219  6230
  6262  6290  6344  6418  6442  6527  6534  6568  6622  6646  6674  6753
  6941  6977  7095  7160  7178  7240  7279  7301  7312  7405  7472  7604
  7645  7649  7665  7756  7814  7883  7950  7958  7979  8015  8079  8139
  8171  8200  8230  8248  8295  8443  8463  8473  8473  8496  8528  8605
  8657  8713  8718  8737  8739  8809  8815  8852  8867  8870  8911  8923
  9014  9021  9087  9111  9115  9181  9231  9267  9274  9289  9322  9431
  9449  9635  9641  9650  9685  9724  9794  9852  9853  9866  9871  9872
  9944  9983 10259 10272 10307 10308 10329 10430 10453 10459 10614 10650
 10685 10705 10741 10844 10914 10983 10995 11010 11031 11042 11076 11175
 11224 11229 11246 11247 11257 11296 11373 11384 11515 11567 11612 11645
 11654 11705 11711 11731 11872 11899 11911 11928 11946 11946 12062 12142
 12293 12344 12353 12406 12431 12433 12462 12486 12497 12506 12513 12614
 12681 12693 12700 12746 12757 12776 12793 12900 12916 12980 13013 13100
 13110 13128 13187 13269 13310 13332 13353 13368 13404 13413 13427 13464
 13483 13519 13522 13534 13584 13644 13669 13733 13751 13756 13788 13847
 13864 13898 13928 13938 13962 14073 14078 14092 14092 14147 14191 14206
 14235 14268 14288 14336 14388 14504 14524 14528 14592 14610 14771 14810
 14874 14951 14992 14995 15002 15060 15126 15165 15201 15222 15230 15238
 15306 15308 15324 15328 15342 15360 15395 15438 15439 15452 15489 15529
 15547 15629 15637 15644 15692 15713 15766 15787 15799 15842 15857 15885
 15888 15894 15968 15969 15979 15999 16114 16122 16150 16160 16166 16174
 16199 16205 16240 16266]
sampled_K: (388, 64)
rescaling_coefficients: (388,)
SK: (388, 64)
Sb: (388,)
KtStSb: (64, 1)
time: 0.1019026919999999
loss: 72.60061644199978
