###################################
2022-05-16 23:50:02.709491
Namespace(ndim=2, rows=512, cols=8, alg=5, seed=0, l2_regularization=0.001, epsilon=0.1, delta=0.01, alpha=1e-05, samples=0)
leverage_scores: [8.000000003612739, 7.999999999724576]
num_columns: 64
num_samples: 388
samples: 0 388 [  0   4   6   6   8  12  12  12  12  13  13  15  16  18  18  20  22  23
  24  26  28  29  30  33  33  34  34  35  36  37  38  41  42  48  49  50
  51  51  52  52  53  53  56  57  58  58  59  60  60  60  61  62  63  64
  64  64  66  69  70  72  77  77  80  83  84  85  85  87  87  88  88  90
  90  91  91  91  91  99 104 107 111 112 112 112 113 114 115 115 115 115
 116 117 117 117 125 126 126 132 132 133 134 136 136 137 137 137 138 139
 139 139 142 142 145 146 148 149 150 150 150 151 154 154 157 157 157 157
 157 158 158 158 158 159 159 159 162 162 167 168 168 168 169 169 169 169
 175 176 177 178 178 179 180 181 185 185 186 192 192 197 197 197 198 200
 200 201 205 206 207 209 209 209 213 213 215 215 215 216 216 218 218 219
 220 223 223 223 227 228 229 231 231 232 235 235 237 239 240 244 245 245
 249 249 249 252 256 256 257 258 260 260 262 263 264 265 272 273 277 280
 282 283 285 288 289 290 295 295 296 296 296 296 297 299 301 306 308 309
 310 311 313 313 314 316 318 320 324 324 324 325 325 327 332 333 333 333
 333 333 333 336 337 337 338 342 342 345 347 347 348 348 351 356 357 357
 358 358 358 362 363 364 364 367 367 367 370 370 372 377 379 381 382 383
 384 384 384 385 385 385 388 390 396 398 398 400 402 403 405 407 409 409
 409 410 410 411 411 412 414 414 414 415 416 418 419 419 422 423 426 426
 427 428 430 430 430 431 431 431 432 436 436 436 437 438 440 442 443 444
 445 445 449 450 451 454 454 454 458 461 463 464 466 466 466 468 471 473
 474 474 478 480 480 481 481 481 482 482 483 484 485 486 486 487 487 496
 497 499 500 500 505 506 508 509 510 510]
samples: 1 388 [  2   2   2   3   8   9  10  10  10  11  11  12  14  15  16  16  17  18
  20  20  21  21  23  23  30  30  33  33  34  39  40  41  42  46  51  52
  55  58  58  60  60  61  61  61  62  62  63  65  68  68  70  76  78  80
  80  81  81  81  82  83  84  86  86  87  87  88  89  92  93  93  94  94
  97  99 101 101 102 102 104 104 107 107 109 110 110 113 113 114 115 115
 116 117 118 118 123 123 124 124 128 128 132 132 133 133 133 135 135 135
 136 136 139 141 142 144 144 145 145 151 151 152 153 156 156 156 156 158
 160 160 161 162 162 164 165 170 170 171 172 174 175 176 178 178 181 189
 191 194 195 195 195 197 198 200 200 200 201 202 204 206 208 208 210 210
 211 212 214 214 218 218 219 220 223 223 223 224 231 231 231 232 233 234
 235 239 239 239 241 249 251 251 251 251 251 252 255 255 258 258 258 259
 260 260 261 262 263 264 265 267 267 269 269 274 275 275 275 275 280 280
 280 282 284 285 288 288 288 292 293 293 295 295 295 296 297 298 300 301
 301 304 305 306 310 310 310 310 311 313 315 316 317 318 319 319 319 321
 323 324 324 324 325 326 328 331 331 333 333 334 335 335 335 336 337 338
 338 338 346 348 349 355 355 355 355 356 356 360 361 362 363 366 367 368
 373 375 377 380 381 382 382 383 385 385 385 385 387 390 391 393 397 398
 399 399 400 402 403 404 404 405 405 406 407 409 411 412 413 414 415 417
 418 418 419 419 421 422 423 424 425 425 425 425 428 430 433 433 435 435
 436 439 442 443 445 452 455 457 458 460 461 462 465 469 469 469 473 479
 481 484 485 485 486 486 488 490 491 491 493 493 498 498 498 498 498 499
 500 501 502 506 507 508 508 511 511 511]
sampled_K: (388, 64)
rescaling_coefficients: (388,)
SK: (388, 64)
Sb: (388,)
KtStSb: (64, 1)
time: 0.017212951000000087
loss: 0.06350126970823244
