###################################
2022-05-16 23:24:53.774065
Namespace(ndim=2, rows=512, cols=32, alg=5, seed=0, l2_regularization=0.001, epsilon=0.1, delta=0.01, alpha=1e-06, samples=0)
leverage_scores: [32.000000006655185, 31.99999999910197]
num_columns: 1024
num_samples: 841
samples: 0 841 [  0   0   0   1   1   1   2   3   3   3   3   3   4   4   5   5   5   6
   6   7   7   8   8   8   8   9  10  10  11  11  11  12  13  13  13  14
  14  14  15  15  15  16  16  16  16  17  17  17  17  17  18  18  19  19
  20  20  20  21  21  21  23  23  24  26  26  26  27  27  27  28  28  28
  29  29  31  31  32  32  32  33  36  38  38  38  39  39  39  40  40  40
  42  42  44  44  44  44  44  45  45  45  45  46  46  46  47  47  47  48
  48  49  49  49  49  49  50  51  51  52  53  53  54  54  54  54  54  54
  57  57  58  58  58  59  59  61  62  64  64  65  67  67  67  68  70  70
  71  72  73  73  74  74  75  75  75  76  77  78  79  80  80  80  82  83
  84  84  85  85  85  86  87  87  87  89  90  91  92  93  96  97  97 100
 101 102 102 104 104 105 106 106 107 107 108 108 108 108 108 108 110 110
 111 111 112 113 114 114 114 116 116 116 117 117 118 119 119 120 120 120
 121 121 123 123 123 124 124 125 126 126 127 127 127 128 129 131 131 132
 132 134 135 136 137 137 137 137 139 139 140 141 142 143 144 144 145 145
 146 146 147 148 148 148 148 148 149 151 151 151 152 153 153 153 155 155
 155 155 157 157 157 157 158 159 160 161 161 162 163 164 164 164 165 166
 166 166 167 168 168 168 168 168 169 170 170 171 172 172 174 176 177 178
 178 179 180 181 181 181 182 184 184 185 188 190 191 191 192 192 194 194
 194 195 195 196 197 198 199 199 200 200 200 203 203 204 204 204 204 205
 205 205 208 209 210 210 210 211 211 211 211 212 213 214 215 215 215 215
 216 216 217 217 217 218 218 220 220 221 221 221 224 224 224 225 225 226
 227 227 228 229 230 231 231 232 233 233 234 235 235 236 236 236 237 239
 240 241 242 242 243 243 245 246 246 246 247 247 248 249 249 250 250 251
 251 252 252 253 254 254 258 258 259 259 259 259 261 261 261 262 262 262
 264 264 265 265 265 267 267 267 268 268 268 269 269 270 271 271 272 273
 273 274 275 275 276 276 277 277 277 277 277 278 280 281 281 281 282 282
 282 283 283 284 284 284 284 286 287 287 287 287 288 289 290 290 290 290
 290 290 291 291 292 292 293 293 293 294 296 297 297 298 301 301 302 302
 302 303 303 303 303 303 304 304 304 306 307 307 308 310 311 314 314 315
 315 318 320 320 320 320 321 321 321 322 322 324 324 324 325 326 326 327
 328 328 329 331 331 331 333 333 333 333 333 334 335 335 335 336 336 336
 337 337 339 340 342 342 342 343 344 344 344 345 346 348 348 349 349 349
 350 351 352 353 353 353 354 355 357 357 357 358 358 360 360 360 360 360
 360 361 362 362 362 364 364 364 364 365 366 367 367 368 368 371 372 372
 372 373 374 376 376 376 377 377 378 378 378 378 380 380 381 381 381 382
 382 382 382 382 382 383 384 385 385 386 386 387 387 388 388 388 391 391
 397 397 398 398 398 399 400 400 400 401 401 402 402 402 402 402 403 403
 403 403 404 404 404 404 405 405 406 406 406 406 406 407 407 408 409 409
 409 410 410 410 411 411 411 412 415 415 416 416 417 418 418 419 419 419
 419 420 420 421 421 422 423 423 423 423 425 425 425 425 426 426 427 427
 428 428 430 431 434 435 435 435 435 436 437 438 439 439 439 439 441 441
 441 443 443 445 445 445 448 449 450 452 455 455 455 457 457 457 458 458
 458 458 459 459 459 460 461 461 462 463 464 464 464 464 464 466 467 467
 468 469 469 469 470 470 471 472 474 474 474 476 477 478 478 478 478 479
 479 480 480 480 480 481 482 482 483 483 486 486 486 487 488 488 489 490
 490 490 491 492 492 493 494 494 495 496 497 497 497 498 499 500 502 502
 502 502 503 505 505 505 505 506 507 508 508 509 511]
samples: 1 841 [  0   2   3   3   5   5   6   6   7   7   8   8   8   8   8  10  10  10
  10  12  12  12  12  13  14  14  14  16  16  17  17  17  17  18  18  19
  19  20  21  21  21  21  21  22  22  22  23  23  23  25  25  25  26  28
  29  30  31  32  33  34  34  35  36  36  38  40  40  41  41  43  44  45
  45  45  46  46  47  47  47  47  47  47  48  49  49  49  49  50  50  51
  52  53  53  53  54  54  54  54  54  55  55  56  56  57  58  58  58  58
  59  59  59  61  63  63  63  63  64  64  64  65  67  67  67  67  67  68
  69  69  70  70  70  71  71  72  72  73  75  76  76  76  76  77  79  79
  79  79  80  80  81  82  83  85  85  86  86  86  86  89  90  90  90  91
  92  92  92  93  93  93  95  95  95  96  96  97  97  98  98  99  99  99
 101 101 101 103 103 103 106 106 106 107 109 110 110 110 110 111 111 111
 112 112 113 114 116 116 116 117 118 118 118 119 120 120 120 121 121 121
 122 123 123 123 123 126 127 128 128 129 131 131 132 133 133 133 134 134
 136 136 137 137 137 137 137 139 140 141 142 143 144 145 146 148 149 150
 151 151 152 152 153 153 154 154 154 154 155 157 158 159 159 159 159 160
 160 161 162 163 163 163 164 164 164 164 165 166 166 167 168 168 168 169
 169 169 172 173 174 174 174 175 175 176 176 176 178 179 180 180 180 181
 182 184 184 185 185 186 187 187 188 188 189 189 189 191 192 194 194 194
 194 194 196 196 197 197 198 199 200 201 201 201 201 202 202 203 203 203
 204 204 204 204 205 206 207 208 211 211 212 212 214 214 214 214 215 216
 217 217 217 217 217 217 218 218 218 218 219 219 220 220 221 221 222 222
 223 223 224 224 224 224 225 225 226 226 227 228 229 229 231 231 232 233
 233 233 234 235 235 236 236 236 237 237 239 240 241 242 244 245 245 246
 246 246 246 246 247 250 251 251 252 252 252 253 253 254 255 256 256 260
 260 261 261 261 262 262 262 262 262 263 263 265 265 266 267 267 267 269
 269 270 270 271 271 271 272 272 272 272 273 273 273 274 275 275 275 278
 279 279 280 281 282 282 283 283 283 284 284 285 287 287 288 288 288 289
 289 291 293 293 294 295 296 297 297 297 298 299 300 301 303 303 304 304
 306 307 308 309 310 311 312 313 313 314 315 316 317 317 318 319 320 320
 322 322 322 325 326 326 326 327 327 328 329 329 330 331 331 331 331 331
 332 333 333 333 333 333 334 334 335 335 335 336 336 337 337 338 338 338
 338 338 339 339 339 341 341 341 343 343 344 344 347 347 348 348 348 349
 349 349 350 350 350 351 351 351 352 353 353 354 354 355 356 357 357 359
 359 359 360 361 361 361 362 364 365 365 366 366 366 367 368 369 369 370
 371 371 372 372 373 373 373 374 374 376 377 377 377 378 379 381 382 383
 383 385 386 386 386 387 387 388 388 391 391 391 393 393 394 395 395 395
 396 397 397 397 397 397 397 397 398 399 400 400 401 401 401 401 402 402
 402 402 402 404 405 405 406 406 407 407 407 407 411 412 412 412 413 413
 415 416 417 417 418 419 419 420 421 421 421 421 421 426 426 427 427 427
 428 429 431 431 431 433 433 433 436 439 439 439 439 440 441 441 442 442
 442 444 444 445 445 445 447 447 448 448 448 449 449 449 449 449 450 451
 452 452 452 453 453 454 454 454 455 455 455 456 457 459 460 460 460 461
 462 464 465 465 465 466 467 468 468 469 470 471 472 472 472 472 473 473
 473 473 473 474 474 474 474 475 476 478 478 479 481 481 481 481 484 484
 484 484 485 485 486 488 490 490 490 491 491 492 494 494 494 494 494 495
 495 496 496 499 499 500 500 500 501 501 501 502 502 503 504 504 504 504
 504 505 505 506 507 507 507 508 509 510 511 511 511]
sampled_K: (841, 1024)
rescaling_coefficients: (841,)
SK: (841, 1024)
Sb: (841,)
KtStSb: (1024, 1)
time: 0.18502134299999984
loss: 0.018589877898193673
