###################################
2022-05-16 23:51:33.862184
Namespace(ndim=2, rows=1024, cols=16, alg=5, seed=2, l2_regularization=0.001, epsilon=0.1, delta=0.01, alpha=1e-06, samples=0)
leverage_scores: [15.999999996659383, 16.00000000066134]
num_columns: 256
num_samples: 182
samples: 0 182 [   2    7    9   10   12   20   29   31   33   50   51   57   57   66
   70   72   79   82   83   88   89   98   99  100  101  109  109  112
  117  126  128  139  140  141  153  154  154  156  165  180  184  184
  185  188  189  198  198  208  211  214  219  228  229  230  243  247
  250  263  265  267  274  277  293  298  300  300  309  310  311  316
  317  328  340  356  366  370  372  383  385  385  390  391  392  395
  400  401  407  422  429  431  435  438  439  441  445  449  454  457
  458  475  475  485  502  511  521  527  536  545  556  561  561  565
  569  585  586  590  596  598  622  629  632  633  637  659  659  668
  671  678  681  681  682  684  688  692  693  696  699  701  707  716
  747  748  755  758  766  768  770  791  796  811  815  821  826  828
  832  841  842  846  848  856  858  863  866  868  870  871  880  893
  899  916  920  939  944  946  955  965  970  975  982  987  995 1016]
samples: 1 182 [   6    6   25   26   31   31   35   38   43   45   51   63   79   82
   82   88   97  113  115  120  122  140  142  146  160  161  162  162
  177  179  180  195  197  203  204  205  206  229  237  258  260  264
  271  278  279  302  306  307  324  325  334  349  352  356  376  377
  381  383  387  391  397  401  403  406  409  411  414  430  431  455
  456  461  472  475  479  479  493  497  497  510  512  521  530  539
  539  542  543  543  544  545  551  568  570  572  575  575  577  588
  589  590  591  593  605  613  614  620  623  630  636  642  647  650
  663  672  673  678  680  686  689  690  693  694  697  700  705  706
  718  723  729  737  738  740  740  742  744  757  771  786  801  806
  815  826  830  836  836  840  843  843  854  858  858  873  876  898
  902  906  910  917  925  928  929  931  937  944  950  953  957  957
  959  961  969  983  984  988  994 1001 1002 1007 1015 1018 1019 1022]
sampled_K: (182, 256)
rescaling_coefficients: (182,)
SK: (182, 256)
Sb: (182,)
KtStSb: (256, 1)
time: 0.027449952
loss: 0.15414565518157947
