###################################
2022-05-16 23:24:28.622550
Namespace(ndim=2, rows=16384, cols=16, alg=5, seed=0, l2_regularization=0.001, epsilon=0.1, delta=0.01, alpha=1e-06, samples=0)
leverage_scores: [16.000000001710408, 15.999999989601905]
num_columns: 256
num_samples: 182
samples: 0 182 [   25    80    88   126   177   235   245   314   327   484   556   754
   769   910  1522  1921  2014  2087  2150  2181  2189  2221  2309  2420
  2454  2511  2701  2866  2910  2989  3114  3164  3204  3272  3339  3376
  3482  3537  3575  3607  3664  3871  4096  4160  4559  4610  4697  4768
  4818  4872  5099  5157  5169  5331  5345  5588  5618  5680  5876  5908
  6123  6153  6253  6436  6523  6557  6768  6880  6919  6964  7257  7308
  7335  7386  7398  7543  7592  7639  7696  7942  8038  8042  8081  8109
  8119  8132  8153  8345  8567  8585  8586  8740  8842  8881  8919  8963
  8978  9005  9062  9128  9183  9240  9292  9321  9398  9403  9568  9613
  9658  9672  9719  9818  9819  9821  9853  9949  9963 10001 10157 10180
 10401 10959 11042 11052 11215 11286 11358 11475 11501 11549 11631 11973
 12080 12120 12121 12204 12276 12367 12493 12550 12565 12568 12807 12974
 13090 13149 13230 13338 13353 13587 13591 13672 13798 13890 13931 14021
 14021 14042 14099 14139 14215 14361 14496 14515 14793 14857 14879 15019
 15055 15105 15182 15258 15498 15527 15537 15613 15727 15920 16071 16321
 16367 16377]
samples: 1 182 [  379   419   434   811   884  1010  1237  1246  1290  1346  1358  1665
  1670  1680  1703  1899  1913  2031  2083  2155  2263  2538  2554  2592
  2615  2675  2742  2905  3024  3037  3064  3297  3381  3528  3572  3624
  3642  3687  3739  3778  4030  4206  4335  4452  4475  4562  4571  4613
  4822  4833  4875  4907  4970  5057  5086  5096  5099  5100  5244  5307
  5312  5616  5781  5802  6081  6092  6188  6378  6547  6612  6730  6757
  6817  6969  7001  7044  7151  7153  7176  7312  7549  7741  7787  7804
  8046  8146  8168  8174  8333  8342  8443  8445  8457  8586  8692  8871
  8918  9008  9205  9276  9411  9495  9565  9594  9643  9656  9725  9927
 10048 10049 10265 10280 10397 10464 10525 10728 10733 10763 11327 11460
 11523 12013 12097 12291 12327 12385 12442 12463 12598 12598 12619 12737
 12771 12775 12783 13049 13055 13077 13171 13226 13432 13619 13703 13718
 13838 13888 13949 13955 13963 14030 14261 14336 14446 14511 14514 14541
 14642 14879 14909 14936 14958 15094 15175 15226 15252 15358 15384 15467
 15500 15542 15606 15630 15709 15749 15751 15786 15889 15985 16098 16315
 16332 16362]
sampled_K: (182, 256)
rescaling_coefficients: (182,)
SK: (182, 256)
Sb: (182,)
KtStSb: (256, 1)
time: 0.10104062599999986
loss: 43.60707267591236
