###################################
2022-05-16 23:24:22.738789
Namespace(ndim=2, rows=8192, cols=16, alg=5, seed=0, l2_regularization=0.001, epsilon=0.1, delta=0.01, alpha=1e-06, samples=0)
leverage_scores: [15.999999990946973, 15.999999996186784]
num_columns: 256
num_samples: 182
samples: 0 182 [   6  122  129  130  195  200  265  442  520  525  541  584  621  631
  670  678  757  803  805  818  857  868  900 1052 1088 1098 1131 1213
 1291 1513 1535 1555 1574 1605 1612 1643 1698 1850 1866 1905 2060 2070
 2110 2188 2303 2317 2326 2392 2450 2459 2524 2606 2639 2689 2771 2802
 2846 2926 3167 3209 3226 3226 3356 3426 3439 3460 3475 3486 3539 3587
 3642 3660 3670 3949 3971 4022 4047 4070 4112 4154 4211 4310 4386 4410
 4489 4557 4590 4614 4615 4659 4821 4836 4856 4873 5063 5069 5077 5118
 5133 5141 5144 5180 5190 5198 5219 5268 5337 5377 5396 5435 5480 5500
 5536 5560 5583 5619 5664 5773 5821 5873 5899 5902 5953 5966 5986 6041
 6048 6053 6074 6080 6083 6234 6271 6295 6306 6428 6445 6480 6574 6579
 6594 6672 6848 6927 6978 7022 7029 7049 7085 7088 7133 7182 7288 7343
 7349 7366 7366 7367 7432 7435 7455 7458 7464 7477 7501 7504 7536 7543
 7613 7662 7692 7694 7751 7841 7866 7939 7955 8116 8142 8163 8170 8178]
samples: 1 182 [  30   39   59  216  217  241  253  280  316  485  489  514  517  544
  651  704  759  793  840  859  901 1088 1171 1221 1315 1358 1465 1471
 1498 1538 1539 1597 1626 1726 1729 1785 1833 1909 1932 1937 2023 2030
 2073 2157 2199 2310 2313 2371 2431 2478 2484 2508 2595 2635 2650 2711
 2741 2772 2778 2851 2874 2876 2915 2978 2981 3065 3075 3132 3140 3197
 3234 3267 3279 3292 3297 3317 3341 3362 3371 3440 3658 3720 3732 3821
 3861 3935 3947 3960 3980 4030 4103 4104 4192 4222 4225 4248 4278 4413
 4420 4431 4439 4552 4647 4686 4711 4711 4720 4813 4819 4821 4839 4858
 4914 4955 4959 4965 4977 5000 5051 5054 5118 5325 5371 5371 5384 5417
 5426 5444 5530 5555 5566 5567 5582 5681 5858 5978 6091 6107 6165 6245
 6378 6414 6428 6499 6529 6582 6604 6710 6720 6842 6916 6942 6943 7049
 7107 7129 7250 7316 7324 7326 7355 7361 7377 7427 7480 7516 7564 7574
 7575 7583 7583 7631 7653 7769 7772 7774 7817 7833 7900 7936 8125 8147]
sampled_K: (182, 256)
rescaling_coefficients: (182,)
SK: (182, 256)
Sb: (182,)
KtStSb: (256, 1)
time: 0.06273017299999983
loss: 9.729361834190751
