###################################
2022-05-16 23:50:04.895524
Namespace(ndim=2, rows=512, cols=8, alg=5, seed=2, l2_regularization=0.001, epsilon=0.1, delta=0.01, alpha=1e-05, samples=0)
leverage_scores: [7.999999999742132, 8.000000000977668]
num_columns: 64
num_samples: 388
samples: 0 388 [  1   2   4   5   6   6   7   9   9  11  12  12  13  14  18  18  21  23
  23  25  25  26  27  29  32  36  37  40  40  40  40  41  43  44  44  44
  44  45  46  47  47  48  51  54  54  55  55  58  60  61  62  63  63  68
  68  68  70  72  73  73  74  77  79  79  79  80  80  80  81  87  88  91
  92  93  95  98  98 101 102 103 103 104 104 104 105 107 107 109 110 111
 116 117 119 123 123 124 126 127 128 130 130 131 134 134 136 137 138 139
 139 141 143 144 145 146 147 149 149 150 152 153 154 154 154 155 155 157
 159 160 161 162 164 168 168 171 175 175 175 180 180 183 186 186 187 191
 194 194 194 195 196 201 201 203 210 212 212 222 222 223 224 225 226 231
 232 232 232 234 240 241 241 244 245 245 246 246 246 246 255 259 260 260
 263 264 264 266 266 267 268 270 270 270 273 274 275 277 281 281 282 282
 284 285 285 286 290 291 292 292 294 295 295 295 299 299 299 301 301 305
 311 312 313 315 316 318 318 318 321 323 323 326 327 327 327 328 328 334
 338 340 340 342 342 343 344 346 349 349 349 350 352 356 356 357 360 360
 361 361 361 362 363 366 367 371 371 372 372 372 373 373 374 375 375 377
 377 378 379 379 380 382 382 383 383 386 386 387 390 391 392 392 392 395
 396 396 397 398 398 399 400 402 402 405 406 407 407 407 408 408 412 414
 414 417 419 419 419 422 424 425 426 426 428 430 431 432 433 433 435 436
 437 438 439 441 441 441 441 444 444 444 445 446 446 446 447 450 450 450
 450 452 453 453 454 456 456 456 458 458 461 461 463 464 466 467 470 471
 471 471 472 473 475 476 477 479 481 482 485 491 491 493 496 499 499 500
 501 501 501 502 502 505 506 507 509 510]
samples: 1 388 [  0   2   2   2   5   6   7   8  13  16  17  17  21  25  27  27  29  29
  30  39  39  40  41  41  44  45  47  48  48  60  60  62  64  64  64  66
  67  70  70  71  75  75  78  80  80  82  83  83  83  86  87  89  89  89
  95  95  97  97  98 101 101 104 105 105 106 106 108 109 109 111 114 115
 116 117 119 119 122 124 128 130 130 131 135 137 138 139 141 142 144 145
 146 147 151 151 153 153 155 156 157 163 165 166 166 168 168 169 172 175
 180 181 183 183 184 185 186 186 187 187 189 190 191 193 194 194 197 198
 199 199 200 200 201 201 201 203 203 206 206 206 210 211 213 213 214 218
 218 219 227 228 230 231 232 234 235 236 237 237 241 242 243 245 246 246
 247 248 252 252 253 253 254 258 259 259 259 260 260 262 262 263 263 264
 268 269 269 269 269 270 272 273 275 277 277 278 278 278 280 282 282 282
 282 285 286 286 288 288 290 292 292 293 294 296 296 301 303 303 306 306
 307 308 312 313 313 313 315 315 315 318 322 324 324 325 325 327 328 332
 335 336 337 340 341 343 343 344 346 348 349 349 350 351 357 357 357 358
 358 360 360 362 363 364 364 365 366 366 367 368 368 368 369 370 371 374
 374 375 378 380 380 380 381 385 385 386 386 387 387 388 391 392 393 395
 399 401 401 402 403 404 405 406 410 410 411 412 413 415 415 418 419 421
 421 423 424 425 425 425 426 428 428 430 430 434 436 436 436 436 437 439
 439 440 440 441 442 442 442 442 444 444 444 445 445 447 447 447 448 449
 449 450 455 457 460 461 463 467 468 472 473 473 475 476 480 480 480 481
 483 484 485 486 490 492 492 492 493 493 493 494 494 494 494 500 500 501
 502 502 503 505 508 508 509 509 510 510]
sampled_K: (388, 64)
rescaling_coefficients: (388,)
SK: (388, 64)
Sb: (388,)
KtStSb: (64, 1)
time: 0.016753601999999868
loss: 0.06699412539334891
