###################################
2022-05-16 23:49:08.114512
Namespace(ndim=2, rows=4096, cols=4, alg=5, seed=1, l2_regularization=0.001, epsilon=0.1, delta=0.01, alpha=1e-05, samples=0)
leverage_scores: [3.9999999960431665, 4.000000002930853]
num_columns: 16
num_samples: 79
samples: 0 79 [  18  250  277  280  343  347  356  408  503  614  683  694  730  762
  878  928  969  986  999 1028 1045 1050 1064 1097 1116 1130 1144 1174
 1294 1485 1487 1547 1581 1643 1694 1805 1811 1907 2017 2115 2179 2201
 2275 2294 2340 2371 2403 2412 2522 2637 2709 2839 2927 2934 2955 2957
 2976 2991 3149 3210 3267 3272 3280 3335 3476 3479 3547 3637 3697 3700
 3716 3756 3805 3811 3829 3854 3904 3932 4039]
samples: 1 79 [   3    8   82  131  168  177  252  295  364  376  475  554  641  657
  669  696  705  894 1105 1119 1129 1217 1219 1365 1396 1421 1449 1524
 1569 1618 1659 1720 1721 1831 1873 1939 2041 2053 2090 2208 2475 2481
 2543 2572 2620 2620 2656 2663 2687 2765 2791 2810 2831 2900 2906 2971
 3066 3087 3107 3121 3127 3161 3208 3222 3241 3289 3340 3452 3506 3510
 3546 3566 3600 3633 3663 3682 3962 4077 4093]
sampled_K: (79, 16)
rescaling_coefficients: (79,)
SK: (79, 16)
Sb: (79,)
KtStSb: (16, 1)
time: 0.029556944000000085
loss: 8.862392624802077
