###################################
2022-05-16 23:24:15.314983
Namespace(ndim=2, rows=256, cols=16, alg=5, seed=0, l2_regularization=0.001, epsilon=0.1, delta=0.01, alpha=1e-06, samples=0)
leverage_scores: [15.999999997336184, 16.00000000384834]
num_columns: 256
num_samples: 182
samples: 0 182 [  1   6   6   6   7   9  11  12  14  15  17  17  18  18  18  20  21  25
  26  26  28  29  29  29  29  30  30  32  32  32  35  42  42  42  44  45
  45  46  46  57  58  59  63  64  68  69  70  75  76  79  79  79  79  83
  84  86  86  87  88  89  90  90  93  94  95 100 100 102 102 104 105 105
 106 106 109 109 109 109 111 112 113 117 118 118 120 124 127 128 130 132
 134 138 138 142 143 146 149 149 150 150 151 151 152 153 154 156 156 159
 163 163 163 163 167 167 167 168 169 170 171 173 174 176 179 181 182 183
 185 185 186 191 192 192 192 193 199 200 201 203 203 205 206 206 207 207
 208 209 209 210 211 213 213 215 215 216 218 219 220 221 223 225 229 230
 232 232 233 235 236 237 239 240 240 241 241 241 243 244 249 250 250 254
 254 255]
samples: 1 182 [  0   3   3   5   5   9  11  12  14  16  16  17  23  24  24  24  26  28
  29  31  32  34  36  38  39  39  40  41  45  45  46  46  47  51  53  54
  55  56  56  56  57  57  58  58  58  59  59  62  64  64  65  66  66  66
  66  66  67  67  68  68  69  70  72  72  73  73  75  75  76  76  77  78
  78  78  80  82  82  82  83  85  88  89  91  95  95  98  98 103 105 106
 107 109 111 111 115 116 116 117 119 119 123 123 124 125 128 128 129 130
 131 132 140 140 141 142 145 149 152 152 152 153 154 155 156 159 159 159
 161 161 165 168 168 168 169 170 173 173 174 180 181 182 183 184 186 188
 190 194 200 200 201 201 203 207 208 209 209 209 210 213 213 216 217 218
 220 220 223 223 223 229 230 231 239 240 241 242 242 242 243 246 248 252
 254 254]
sampled_K: (182, 256)
rescaling_coefficients: (182,)
SK: (182, 256)
Sb: (182,)
KtStSb: (256, 1)
time: 0.020770172000000198
loss: 0.010230292168647123
