###################################
2022-05-16 23:51:32.640902
Namespace(ndim=2, rows=1024, cols=16, alg=5, seed=1, l2_regularization=0.001, epsilon=0.1, delta=0.01, alpha=1e-06, samples=0)
leverage_scores: [15.99999999851336, 15.999999999026953]
num_columns: 256
num_samples: 182
samples: 0 182 [   0    1    5   21   34   42   45   62   67   69   70   79   84   86
   88   95   98  100  121  123  141  151  161  166  168  169  171  176
  178  180  188  211  217  228  229  229  241  244  245  248  256  259
  261  264  272  273  277  278  280  281  284  285  291  296  308  310
  321  339  346  349  353  358  366  370  370  383  385  393  394  405
  408  414  420  431  432  447  448  450  456  464  472  474  481  501
  508  510  519  519  526  541  544  545  546  563  564  569  579  581
  588  596  599  618  619  628  628  636  643  653  653  658  661  663
  666  669  675  687  693  697  701  708  720  722  723  725  731  732
  734  736  737  742  746  746  752  759  760  763  768  774  774  783
  785  785  798  799  799  803  807  814  815  816  817  830  832  858
  866  867  871  873  881  883  887  889  895  905  907  913  914  918
  921  923  926  937  949  950  955  963  974  982  986 1008 1019 1023]
samples: 1 182 [   4    6   21   21   30   30   31   32   37   39   42   43   48   59
   62   64   75   83   86   88   88   90   95   95  111  120  120  137
  141  141  150  153  154  154  160  176  176  188  190  195  200  201
  202  203  207  212  225  228  235  260  272  276  281  285  293  298
  299  299  310  311  340  342  343  344  347  352  355  356  358  362
  362  371  372  373  375  377  381  384  384  384  414  422  429  449
  450  455  469  469  479  479  492  494  506  518  520  523  532  532
  546  548  550  562  565  567  573  575  596  608  610  615  616  620
  636  637  641  645  656  659  663  663  667  668  683  685  693  695
  695  697  700  701  714  719  724  724  728  728  736  748  755  765
  765  768  769  775  778  779  801  802  806  820  825  829  831  841
  849  856  865  875  886  897  898  900  907  908  922  928  932  963
  970  972  975  978  979  991  995  996  997 1004 1012 1013 1016 1018]
sampled_K: (182, 256)
rescaling_coefficients: (182,)
SK: (182, 256)
Sb: (182,)
KtStSb: (256, 1)
time: 0.02518218300000008
loss: 0.1548555224662869
