###################################
2022-05-16 23:50:36.137426
Namespace(ndim=2, rows=8192, cols=8, alg=5, seed=2, l2_regularization=0.001, epsilon=0.1, delta=0.01, alpha=1e-05, samples=0)
leverage_scores: [7.999999987118436, 8.000000003313106]
num_columns: 64
num_samples: 388
samples: 0 388 [   9   12   16   96  104  113  139  144  175  176  201  206  235  261
  279  314  332  355  385  398  406  409  418  419  419  419  424  450
  474  499  527  588  602  623  630  656  657  679  685  724  725  725
  730  753  761  777  787  815  860  869  879  880  919  921  935  947
  968 1004 1007 1017 1036 1049 1070 1070 1095 1105 1120 1217 1228 1233
 1251 1254 1266 1270 1343 1361 1363 1413 1413 1451 1459 1487 1541 1551
 1554 1555 1566 1583 1604 1715 1750 1766 1779 1779 1827 1861 1884 1895
 1896 1896 1954 1955 1970 1994 2020 2025 2034 2057 2060 2060 2070 2106
 2131 2167 2183 2190 2200 2267 2276 2279 2285 2308 2326 2338 2384 2520
 2571 2592 2606 2652 2658 2703 2717 2724 2730 2764 2770 2798 2801 2806
 2806 2806 2817 2824 2860 2893 2943 2957 2960 2992 3021 3023 3037 3040
 3044 3079 3090 3091 3116 3122 3153 3166 3208 3232 3264 3283 3312 3319
 3358 3388 3436 3498 3508 3521 3522 3530 3534 3534 3555 3606 3646 3662
 3677 3755 3832 3850 3866 3894 3903 3945 3997 4031 4035 4045 4059 4089
 4114 4136 4148 4240 4269 4309 4322 4393 4407 4412 4417 4487 4493 4510
 4518 4525 4528 4601 4613 4644 4675 4731 4763 4795 4808 4836 4858 4897
 4913 4918 4936 4946 4955 4960 4969 5000 5003 5007 5047 5073 5218 5222
 5245 5257 5268 5309 5343 5350 5379 5399 5419 5447 5487 5508 5587 5599
 5603 5615 5622 5658 5666 5686 5686 5693 5695 5700 5710 5738 5782 5791
 5799 5831 5880 5926 5961 5962 5970 5976 5984 6006 6015 6017 6025 6028
 6063 6077 6125 6150 6201 6203 6209 6210 6216 6243 6339 6349 6351 6360
 6385 6390 6431 6489 6491 6501 6515 6521 6554 6565 6570 6608 6609 6612
 6621 6635 6652 6657 6665 6699 6732 6746 6758 6763 6767 6773 6784 6865
 6902 6905 6907 6909 7000 7001 7056 7071 7114 7134 7140 7145 7149 7173
 7180 7191 7244 7245 7295 7296 7311 7314 7318 7338 7339 7358 7368 7375
 7424 7425 7428 7445 7483 7499 7536 7544 7548 7549 7590 7638 7645 7649
 7653 7655 7705 7735 7792 7803 7829 7856 7874 7920 7931 7954 7962 7984
 7990 7998 8016 8036 8057 8118 8121 8138 8169 8173]
samples: 1 388 [  29   30   41   70   95  108  119  128  234  235  239  272  371  392
  503  528  531  544  549  552  558  563  581  593  605  607  636  679
  740  788  829  851  874  883  941  947  949  963  985  985 1008 1015
 1017 1041 1072 1079 1094 1104 1111 1118 1130 1135 1174 1178 1192 1204
 1207 1208 1213 1231 1258 1277 1307 1360 1365 1394 1452 1477 1484 1484
 1515 1554 1566 1571 1577 1588 1591 1597 1599 1601 1602 1631 1639 1640
 1676 1749 1753 1767 1781 1784 1785 1787 1791 1804 1804 1806 1854 1924
 1929 1956 1976 1999 2022 2060 2071 2081 2099 2105 2126 2138 2144 2155
 2175 2181 2203 2205 2223 2228 2228 2239 2246 2252 2259 2274 2304 2340
 2347 2350 2410 2412 2422 2464 2474 2499 2593 2612 2640 2642 2668 2668
 2691 2692 2740 2745 2747 2761 2787 2811 2812 2847 2860 2866 2873 2878
 2888 2904 2914 2919 2931 2940 2954 2980 3002 3029 3035 3059 3079 3080
 3089 3090 3110 3147 3154 3203 3207 3210 3223 3227 3238 3248 3252 3258
 3259 3277 3300 3303 3314 3331 3354 3363 3368 3372 3397 3400 3428 3449
 3500 3518 3536 3573 3574 3581 3588 3593 3609 3618 3623 3631 3685 3719
 3740 3771 3864 3904 3954 3966 4005 4075 4083 4083 4100 4110 4114 4160
 4191 4205 4212 4213 4220 4251 4287 4304 4321 4332 4368 4369 4369 4387
 4404 4444 4471 4496 4506 4506 4559 4567 4568 4649 4650 4655 4655 4681
 4693 4702 4709 4713 4721 4729 4734 4784 4803 4846 4850 4968 4986 4987
 4989 4992 4994 5004 5041 5045 5062 5086 5104 5109 5132 5150 5185 5193
 5196 5217 5226 5288 5297 5352 5366 5372 5378 5381 5430 5467 5477 5493
 5502 5504 5515 5550 5604 5639 5668 5703 5709 5716 5770 5838 5843 5848
 5878 5982 6045 6050 6053 6196 6259 6340 6359 6369 6370 6429 6445 6454
 6533 6554 6559 6574 6589 6592 6594 6616 6655 6656 6675 6697 6731 6735
 6738 6754 6765 6865 6865 6920 6971 6972 6986 6998 7111 7162 7163 7256
 7281 7293 7315 7380 7389 7421 7424 7471 7604 7607 7612 7622 7644 7647
 7694 7694 7720 7721 7779 7790 7866 7874 7883 7915 7924 7941 7954 7985
 8025 8025 8026 8037 8061 8105 8109 8128 8148 8157]
sampled_K: (388, 64)
rescaling_coefficients: (388,)
SK: (388, 64)
Sb: (388,)
KtStSb: (64, 1)
time: 0.05745828299999989
loss: 17.566024500182642
