###################################
2022-05-16 23:49:17.922360
Namespace(ndim=2, rows=8192, cols=4, alg=5, seed=1, l2_regularization=0.001, epsilon=0.1, delta=0.01, alpha=1e-05, samples=0)
leverage_scores: [3.9999999895995124, 3.999999993032093]
num_columns: 16
num_samples: 79
samples: 0 79 [   3  301  315  476  493  520  554  586  673 1378 1472 1609 1705 2226
 2328 2361 2451 2512 2526 2762 2879 2973 3101 3121 3353 3355 3372 3372
 3453 3473 3555 3568 3625 3844 4036 4066 4353 4399 4452 4455 4538 4630
 4893 4998 5003 5061 5096 5263 5341 5411 5557 5714 5840 6014 6206 6236
 6288 6412 6444 6475 6495 6623 6894 6961 7087 7190 7257 7300 7356 7374
 7474 7481 7522 7578 7685 7703 7905 8130 8139]
samples: 1 79 [  23   26   83  265  359  365  522  576  598  616  785  945 1149 1236
 1312 1486 1600 1803 1816 1941 1956 1993 2083 2087 2125 2220 2340 2349
 2406 2626 2741 2789 2875 2964 2991 3098 3148 3238 3311 3350 3401 3472
 3473 3580 3926 3988 4137 4205 4262 4299 4335 4397 4886 5040 5070 5140
 5477 5663 5870 5924 5960 6003 6027 6176 6221 6251 6411 6494 6605 6857
 7195 7255 7280 7888 8012 8073 8105 8118 8170]
sampled_K: (79, 16)
rescaling_coefficients: (79,)
SK: (79, 16)
Sb: (79,)
KtStSb: (16, 1)
time: 0.04817107499999995
loss: 37.54801404917895
