###################################
2022-05-16 23:51:49.148341
Namespace(ndim=2, rows=4096, cols=16, alg=5, seed=2, l2_regularization=0.001, epsilon=0.1, delta=0.01, alpha=1e-06, samples=0)
leverage_scores: [15.999999989115306, 16.000000002026894]
num_columns: 256
num_samples: 182
samples: 0 182 [   4    6   56   69   72   87  118  131  168  178  200  203  210  213
  226  239  295  317  330  345  363  363  366  378  382  431  462  468
  504  519  525  535  616  626  627  671  705  705  725  729  743  776
  802  876  890  942  949  979  986 1010 1018 1028 1030 1030 1098 1132
 1153 1302 1350 1361 1384 1400 1402 1446 1478 1479 1496 1539 1561 1576
 1583 1616 1641 1679 1694 1717 1761 1765 1778 1803 1823 1838 1878 1915
 1972 1998 2015 2017 2029 2058 2068 2136 2154 2205 2210 2244 2260 2263
 2301 2307 2323 2337 2381 2398 2404 2459 2468 2474 2485 2500 2503 2673
 2691 2711 2744 2795 2800 2803 2812 2834 2843 2848 2849 2856 2892 2896
 2942 3003 3008 3014 3039 3063 3103 3109 3176 3193 3253 3262 3280 3286
 3305 3306 3318 3327 3329 3369 3381 3386 3435 3454 3456 3457 3502 3504
 3624 3624 3649 3671 3672 3686 3715 3715 3716 3724 3773 3775 3796 3820
 3827 3828 3853 3868 3902 3960 3965 3977 3981 3999 4018 4029 4061 4084]
samples: 1 182 [   8   47   52   83   98  100  147  184  196  199  200  239  254  288
  302  318  329  349  376  381  398  425  431  431  453  466  477  498
  502  529  541  547  555  601  607  623  625  668  670  758  762  766
  773  781  846  873  879  901  938  968 1021 1039 1053 1071 1077 1080
 1125 1127 1152 1157 1178 1253 1279 1287 1323 1363 1381 1396 1400 1400
 1409 1425 1462 1504 1506 1512 1514 1517 1541 1552 1601 1623 1650 1741
 1745 1752 1759 1759 1919 1926 1941 1945 2042 2117 2157 2196 2204 2241
 2249 2257 2359 2407 2419 2439 2447 2465 2467 2487 2508 2522 2591 2604
 2610 2615 2655 2677 2702 2736 2786 2811 2827 2834 2851 2876 2891 2940
 2957 2957 2961 2966 2972 2988 3008 3054 3081 3086 3086 3100 3147 3152
 3175 3195 3228 3229 3240 3265 3288 3293 3315 3334 3356 3368 3374 3381
 3444 3521 3529 3552 3566 3568 3572 3574 3588 3595 3649 3657 3658 3661
 3689 3747 3754 3777 3828 3831 3900 3915 3929 3937 3992 3994 4068 4087]
sampled_K: (182, 256)
rescaling_coefficients: (182,)
SK: (182, 256)
Sb: (182,)
KtStSb: (256, 1)
time: 0.04205013000000002
loss: 2.558880692077981
