###################################
2022-05-16 23:50:22.237556
Namespace(ndim=2, rows=4096, cols=8, alg=5, seed=1, l2_regularization=0.001, epsilon=0.1, delta=0.01, alpha=1e-05, samples=0)
leverage_scores: [8.000000004908884, 7.999999998798735]
num_columns: 64
num_samples: 388
samples: 0 388 [   2    4   13   14   19   21   25   42   47   59   71   80   87  104
  139  152  159  186  189  197  200  239  247  251  254  256  262  273
  278  291  294  294  305  309  338  389  404  405  419  472  484  488
  490  495  497  499  504  511  535  546  546  561  576  577  589  614
  614  622  627  634  656  662  669  691  706  708  739  740  740  753
  761  794  794  806  809  812  838  850  855  855  867  878  880  886
  903  905  909  914  915  918  921  950  957  979  983  991 1003 1006
 1011 1028 1050 1053 1069 1070 1081 1098 1113 1116 1119 1153 1159 1163
 1169 1172 1177 1179 1181 1184 1193 1206 1208 1227 1260 1266 1281 1282
 1292 1296 1310 1324 1343 1349 1353 1354 1359 1362 1368 1375 1382 1399
 1416 1442 1447 1454 1485 1488 1492 1499 1509 1518 1537 1548 1549 1551
 1551 1558 1559 1560 1563 1567 1573 1613 1622 1627 1652 1656 1671 1677
 1678 1678 1687 1687 1703 1728 1739 1741 1741 1741 1756 1757 1773 1778
 1784 1791 1795 1804 1814 1853 1863 1878 1887 1891 1904 1915 1925 1931
 1954 1968 1971 1976 1986 1992 2005 2022 2038 2045 2065 2070 2082 2101
 2112 2134 2149 2151 2164 2167 2167 2178 2179 2183 2194 2204 2222 2230
 2232 2232 2248 2270 2273 2319 2335 2432 2448 2449 2499 2501 2513 2514
 2526 2529 2529 2530 2538 2545 2548 2562 2564 2569 2578 2586 2589 2603
 2610 2628 2639 2646 2652 2658 2661 2661 2666 2667 2702 2704 2723 2726
 2733 2750 2757 2775 2782 2838 2839 2839 2853 2883 2912 2916 2919 2947
 2953 2973 2977 2994 2995 3003 3005 3019 3025 3029 3031 3035 3042 3058
 3058 3075 3077 3086 3097 3100 3101 3102 3105 3106 3118 3123 3128 3143
 3144 3158 3207 3209 3222 3228 3239 3248 3265 3299 3303 3312 3315 3316
 3325 3328 3338 3357 3367 3368 3370 3380 3396 3446 3447 3473 3479 3511
 3545 3552 3574 3596 3598 3615 3622 3632 3653 3653 3664 3682 3684 3692
 3715 3719 3729 3741 3742 3747 3762 3767 3769 3774 3790 3796 3802 3821
 3844 3845 3853 3856 3860 3864 3870 3874 3949 3954 4013 4015 4028 4028
 4030 4033 4035 4047 4053 4060 4064 4068 4084 4089]
samples: 1 388 [  12   16   27   39   69   82   87   93  106  107  107  108  130  136
  138  140  148  149  195  210  224  229  239  244  249  259  271  285
  285  307  307  323  330  344  368  392  413  436  440  449  451  452
  454  458  482  488  507  508  514  559  580  590  598  601  603  608
  625  625  635  672  679  679  737  753  763  775  779  810  812  815
  819  850  877  877  883  887  892  905  907  930  940  955  973  975
  989 1041 1050 1052 1054 1058 1061 1074 1079 1081 1084 1088 1088 1109
 1118 1127 1133 1134 1136 1140 1170 1183 1196 1212 1241 1262 1269 1273
 1276 1287 1295 1298 1307 1309 1329 1337 1344 1354 1371 1372 1393 1394
 1394 1404 1406 1412 1417 1422 1435 1436 1438 1451 1472 1486 1498 1504
 1514 1515 1536 1550 1611 1614 1616 1622 1623 1642 1645 1646 1646 1657
 1670 1679 1686 1692 1701 1719 1735 1736 1775 1784 1802 1831 1838 1850
 1870 1904 1914 1965 1971 1972 1981 1987 2000 2038 2040 2052 2053 2071
 2071 2077 2089 2101 2114 2121 2124 2129 2150 2157 2164 2175 2195 2200
 2229 2231 2253 2266 2302 2306 2323 2329 2336 2343 2351 2356 2356 2362
 2376 2382 2420 2440 2481 2483 2507 2521 2543 2583 2589 2611 2620 2636
 2638 2648 2653 2653 2678 2681 2693 2719 2758 2758 2763 2772 2773 2775
 2776 2777 2780 2784 2794 2803 2815 2829 2829 2835 2836 2872 2885 2907
 2910 2914 2932 2945 2952 2961 2962 2969 2984 2986 2991 3005 3013 3015
 3020 3039 3068 3090 3095 3105 3124 3128 3132 3137 3137 3138 3138 3139
 3149 3151 3160 3166 3177 3184 3192 3212 3228 3233 3234 3237 3242 3268
 3270 3297 3298 3317 3322 3325 3329 3332 3342 3345 3346 3354 3359 3360
 3362 3394 3417 3443 3444 3448 3454 3470 3475 3478 3478 3480 3481 3487
 3516 3517 3555 3556 3568 3573 3590 3599 3600 3602 3604 3614 3614 3619
 3627 3629 3641 3641 3643 3644 3646 3661 3683 3689 3691 3691 3711 3716
 3728 3738 3739 3761 3765 3765 3766 3766 3783 3793 3799 3804 3812 3839
 3844 3853 3854 3868 3884 3884 3889 3890 3895 3898 3910 3914 3918 3955
 3956 3977 3984 4014 4019 4025 4038 4044 4049 4052]
sampled_K: (388, 64)
rescaling_coefficients: (388,)
SK: (388, 64)
Sb: (388,)
KtStSb: (64, 1)
time: 0.03171788199999992
loss: 4.280424063970074
