###################################
2022-05-16 23:56:23.602142
Namespace(ndim=2, rows=1024, cols=32, alg=5, seed=2, l2_regularization=0.001, epsilon=0.1, delta=0.01, alpha=1e-06, samples=0)
leverage_scores: [32.00000000361946, 31.999999997063696]
num_columns: 1024
num_samples: 841
samples: 0 841 [   0    0    2    2    3    3    5    6    6    7    8   10   11   14
   15   15   15   16   16   17   18   18   21   21   23   23   23   23
   24   25   26   26   28   29   36   38   38   39   40   40   41   41
   41   45   46   46   46   46   47   48   49   49   49   50   51   52
   52   53   54   54   55   60   61   63   65   67   67   68   69   70
   72   73   75   75   75   76   77   77   81   83   85   85   86   86
   87   87   88   88   89   90   90   91   92   92   92   95   98   98
  102  106  108  110  111  111  111  111  115  116  116  117  118  119
  119  119  119  120  123  124  124  125  130  136  139  139  139  141
  145  146  147  149  150  150  151  151  152  153  155  155  156  156
  156  157  157  160  161  163  164  164  167  167  169  172  173  174
  179  180  181  181  183  184  186  189  191  192  192  194  194  194
  198  199  199  199  201  201  201  203  203  204  205  207  210  211
  211  211  212  219  219  220  222  222  222  224  224  224  226  227
  227  229  230  231  231  231  232  233  238  238  240  242  244  246
  251  252  253  253  255  255  257  263  264  265  273  274  275  275
  278  281  281  282  283  285  288  292  293  293  294  296  298  298
  299  299  301  302  302  304  305  305  306  306  308  308  312  313
  314  315  315  316  317  317  319  320  321  321  323  323  323  324
  327  329  329  332  335  336  336  338  338  339  339  340  341  341
  343  343  344  348  349  351  351  351  354  354  356  357  358  360
  361  361  362  362  362  362  363  363  363  364  364  364  368  369
  370  371  372  375  375  377  378  380  381  382  383  385  388  390
  390  392  392  394  395  396  396  398  400  402  406  408  411  412
  414  417  417  417  419  419  422  422  424  424  426  428  428  431
  431  433  437  438  438  438  440  441  441  441  442  443  443  446
  448  449  452  453  454  458  459  460  462  462  463  463  464  465
  466  467  471  471  471  472  472  472  472  473  478  479  481  483
  483  484  485  486  487  488  489  490  492  492  492  494  495  497
  498  498  500  500  503  504  505  509  509  510  511  511  512  512
  514  515  517  518  518  520  521  522  522  524  524  525  526  527
  527  529  529  529  529  530  531  532  532  533  534  534  535  535
  536  536  536  539  539  539  542  547  548  549  550  551  551  555
  558  559  559  560  561  563  564  564  564  565  567  567  567  571
  571  571  573  573  573  576  578  581  583  583  587  589  590  590
  593  595  595  596  596  596  597  598  600  600  603  606  606  606
  606  609  610  610  610  611  612  614  614  615  615  617  618  618
  619  620  620  623  626  626  627  628  630  634  634  639  640  640
  643  647  648  649  649  650  650  650  650  651  651  655  658  658
  658  659  660  660  662  664  664  664  664  664  665  665  665  666
  666  668  669  670  673  674  675  676  676  677  677  678  679  682
  684  684  685  686  689  689  690  690  690  690  695  702  703  705
  708  710  714  716  716  717  719  721  727  727  729  730  735  735
  737  737  738  739  740  740  740  740  741  741  741  741  742  743
  743  743  745  749  753  754  754  754  755  756  759  759  760  768
  769  769  771  771  771  772  772  775  775  776  776  777  779  779
  780  780  780  781  783  783  783  785  786  786  786  787  789  790
  791  792  792  793  793  794  794  797  797  798  798  799  799  799
  800  802  804  805  805  806  807  809  810  812  813  817  819  820
  821  823  824  825  825  828  829  831  834  835  835  836  837  838
  839  841  844  846  846  846  846  847  848  850  853  854  854  854
  854  854  856  856  857  857  859  860  862  863  863  863  864  866
  867  869  873  873  876  877  879  880  881  881  882  883  883  884
  884  884  884  886  891  891  893  894  894  895  896  896  899  901
  902  903  905  906  907  907  909  910  910  910  912  913  913  914
  918  919  919  922  924  924  926  927  928  931  931  931  931  932
  933  933  935  936  940  942  943  946  947  947  949  950  950  954
  955  955  958  960  960  963  966  966  967  967  968  969  969  969
  971  971  972  973  974  976  980  980  982  985  985  988  988  990
  993  994  996  997 1002 1003 1003 1003 1005 1008 1009 1014 1019 1022
 1023]
samples: 1 841 [   1    1    1    2    2    2    3    6    7    8   10   12   17   17
   20   20   21   22   24   25   25   26   28   28   31   33   34   34
   36   37   38   39   41   42   45   45   45   46   47   48   49   50
   51   53   57   58   58   59   61   63   66   66   66   67   68   68
   69   71   73   73   75   78   79   80   83   84   86   86   86   86
   87   89   89   95   96   98   98  100  102  102  102  102  103  103
  103  103  104  106  106  108  111  114  114  115  116  117  118  118
  118  119  119  119  120  121  121  124  127  128  129  130  131  132
  133  133  134  139  140  140  142  142  143  144  148  150  152  153
  157  158  163  164  164  166  166  167  167  168  168  171  172  173
  175  175  175  177  179  179  179  180  180  184  185  188  194  194
  195  198  200  202  202  203  205  206  208  211  213  214  216  218
  218  218  220  223  223  225  227  227  230  230  231  232  233  233
  233  233  235  236  236  238  240  241  241  243  244  245  245  245
  246  246  246  246  247  248  248  252  252  253  253  254  255  259
  260  261  261  261  262  267  267  267  269  269  270  271  275  276
  280  280  283  283  284  286  287  287  290  291  291  291  294  295
  296  299  300  301  301  302  302  303  304  305  307  308  311  311
  313  314  315  315  316  319  319  319  321  321  323  324  327  327
  327  327  330  331  333  334  339  341  341  342  343  343  343  343
  343  344  345  346  349  349  350  351  352  353  353  354  354  356
  359  360  360  361  361  362  363  363  364  366  367  368  370  370
  372  373  373  376  376  377  377  377  378  379  380  380  381  381
  383  385  386  386  387  387  387  388  388  389  390  391  391  392
  392  393  393  396  396  397  399  401  402  404  405  406  408  409
  409  410  410  411  411  413  415  418  418  418  418  418  420  421
  422  425  428  430  430  430  430  431  432  432  433  434  437  438
  438  441  442  446  446  447  449  449  452  454  456  457  458  461
  464  464  467  468  471  476  479  479  483  490  493  493  494  494
  495  495  496  497  498  498  499  500  501  504  507  509  509  510
  511  512  513  513  515  517  520  520  520  521  523  524  526  526
  526  526  527  528  531  531  531  531  531  533  533  533  534  534
  535  536  538  539  541  542  544  546  547  548  549  550  550  551
  552  552  554  555  557  558  560  562  563  564  565  565  565  565
  566  566  567  567  568  569  569  570  572  573  576  578  578  580
  581  581  582  583  585  585  585  586  588  588  589  589  590  590
  590  594  596  599  599  600  601  603  603  604  607  608  608  609
  610  614  615  616  620  624  625  626  626  627  627  627  628  628
  628  629  630  630  632  632  633  636  636  640  640  642  642  642
  643  643  644  647  650  651  657  658  658  658  658  660  661  661
  661  665  666  667  667  671  671  672  673  674  674  675  676  678
  678  679  681  684  685  686  687  687  688  688  689  693  696  698
  698  701  702  702  704  705  706  707  709  711  714  715  716  717
  718  718  719  719  721  723  724  725  725  726  726  726  729  731
  734  736  738  739  740  741  741  746  746  747  748  749  752  752
  753  753  754  757  760  762  762  763  764  765  766  766  766  767
  767  767  768  769  770  772  772  772  773  773  774  777  780  781
  784  786  788  788  788  788  789  789  791  792  793  793  793  793
  796  797  799  800  801  801  803  806  806  807  809  810  813  814
  814  816  818  818  822  824  824  825  825  826  827  828  838  839
  839  840  840  842  842  845  846  846  846  849  850  851  853  853
  853  854  854  855  857  861  862  868  868  870  871  871  871  872
  875  877  878  879  879  879  880  881  882  887  889  889  890  892
  893  894  895  897  900  907  908  909  909  910  913  913  915  916
  917  918  921  921  923  925  926  928  929  930  934  935  935  936
  936  937  938  941  942  943  943  945  949  950  951  951  954  954
  955  956  957  958  959  960  961  964  965  965  966  968  970  970
  970  971  972  972  972  973  974  974  975  976  977  977  979  983
  984  985  986  989  991  992  993  993  995  998  998  998 1000 1000
 1000 1004 1006 1009 1009 1009 1011 1017 1017 1017 1017 1021 1023 1023
 1023]
sampled_K: (841, 1024)
rescaling_coefficients: (841,)
SK: (841, 1024)
Sb: (841,)
KtStSb: (1024, 1)
time: 0.18290601799999995
loss: 0.06819076918770815
