###################################
2022-05-16 23:50:10.403703
Namespace(ndim=2, rows=1024, cols=8, alg=5, seed=2, l2_regularization=0.001, epsilon=0.1, delta=0.01, alpha=1e-05, samples=0)
leverage_scores: [7.9999999996560565, 7.999999999040474]
num_columns: 64
num_samples: 388
samples: 0 388 [   0    0    1    7    8    8    8   12   17   23   25   28   30   32
   32   33   34   35   36   38   40   40   46   47   58   58   66   66
   67   67   75   77   78   78   80   83   86   98   98  102  103  105
  106  107  109  109  115  116  123  123  127  127  130  131  137  149
  154  155  158  167  172  172  176  179  180  186  193  197  201  202
  210  211  212  215  219  222  222  224  224  229  229  230  233  237
  238  239  243  245  247  248  255  258  260  260  261  261  261  262
  264  265  270  271  272  274  279  280  280  285  292  292  295  297
  300  301  302  302  306  306  308  312  314  317  327  328  329  334
  340  345  346  347  357  363  369  369  370  371  375  383  383  385
  393  393  395  397  406  409  411  417  419  420  434  435  439  439
  441  444  450  452  456  460  460  466  467  476  476  476  480  481
  494  496  497  497  497  499  502  504  505  506  507  519  522  526
  527  528  529  531  531  538  541  545  546  547  548  548  551  554
  557  558  567  569  569  582  583  588  589  590  590  590  590  591
  592  593  596  597  599  604  605  607  607  607  609  609  611  620
  624  625  632  635  636  636  637  641  643  644  644  652  652  655
  657  664  666  668  669  672  674  678  680  680  686  695  696  698
  705  706  710  713  713  716  716  718  719  719  721  721  724  724
  735  740  740  747  748  754  758  761  762  764  764  770  770  775
  778  780  785  787  787  789  797  797  798  799  800  802  802  804
  804  807  807  810  812  813  818  823  824  826  834  835  839  844
  844  845  845  852  852  852  855  855  856  859  864  868  869  870
  878  878  879  880  880  887  888  889  890  890  890  893  894  896
  897  899  900  900  901  901  902  905  906  908  911  918  918  922
  922  924  926  930  938  940  943  946  948  950  952  954  954  958
  959  960  962  967  969  972  978  983  985  986  999 1000 1002 1002
 1004 1006 1006 1007 1009 1015 1017 1018 1021 1022]
samples: 1 388 [   2    3    6    9   11   12   15   19   20   22   23   23   32   33
   38   38   43   52   57   58   58   60   60   62   63   65   66   67
   70   70   71   71   72   76   77   81   81   84   84   84   86   88
   89   97   97   97  100  102  102  104  111  111  112  127  128  130
  130  131  134  136  138  142  143  144  146  154  160  167  167  170
  177  181  192  193  196  199  199  204  205  209  209  213  217  219
  225  228  233  238  238  240  241  241  242  242  243  244  245  260
  264  273  273  281  290  293  308  311  312  314  317  326  326  328
  328  328  329  329  331  331  336  338  340  340  342  344  348  349
  351  352  356  359  361  361  361  363  364  368  368  373  374  376
  376  381  384  387  389  392  396  402  405  405  406  408  416  416
  420  429  429  434  437  448  452  458  461  461  462  463  464  465
  466  467  467  467  469  484  485  486  486  491  494  499  500  502
  503  503  508  509  512  513  513  517  518  521  522  523  524  526
  528  528  529  530  530  531  531  532  536  536  538  539  539  540
  541  542  543  544  549  558  558  559  560  565  567  567  567  572
  579  580  580  583  584  584  588  589  590  593  598  601  602  602
  604  605  606  611  614  618  622  627  628  631  632  638  641  641
  653  660  661  661  662  664  667  667  667  668  670  672  672  678
  682  686  688  688  689  690  697  697  698  699  700  701  719  721
  721  722  722  722  724  730  731  741  743  749  749  757  757  760
  760  761  762  762  763  766  774  775  778  781  783  788  792  792
  794  796  800  805  806  808  819  822  823  823  826  837  839  839
  846  849  851  851  854  854  856  863  867  867  868  869  874  877
  887  887  888  889  891  893  900  904  904  904  908  908  908  909
  913  915  917  919  921  922  926  929  936  937  939  940  940  952
  953  955  956  961  965  967  970  971  971  972  974  979  980  983
  986  986  989  992 1007 1009 1017 1019 1020 1023]
sampled_K: (388, 64)
rescaling_coefficients: (388,)
SK: (388, 64)
Sb: (388,)
KtStSb: (64, 1)
time: 0.019188288000000053
loss: 0.2691149294217668
