###################################
2022-05-16 23:48:55.674937
Namespace(ndim=2, rows=1024, cols=4, alg=5, seed=1, l2_regularization=0.001, epsilon=0.1, delta=0.01, alpha=1e-05, samples=0)
leverage_scores: [3.9999999994606967, 3.999999999284997]
num_columns: 16
num_samples: 79
samples: 0 79 [   1    5   24   30   52   54   58   74  105  108  141  141  143  165
  183  188  206  211  226  241  255  261  267  269  280  311  318  320
  337  346  348  359  364  371  372  372  385  392  395  398  420  423
  431  456  462  469  471  512  517  537  548  558  573  579  580  606
  622  622  634  643  680  705  722  728  739  748  758  783  891  913
  919  927  938  950  974  976  987  991 1021]
samples: 1 79 [  14   22   30   32   60   99  117  118  121  133  153  156  167  208
  216  251  257  274  274  282  287  288  313  315  326  340  348  361
  366  380  393  405  456  464  464  466  473  473  476  518  525  548
  556  566  674  679  703  710  710  726  744  747  750  750  760  777
  777  805  811  816  822  832  851  862  871  872  878  883  889  891
  926  941  945  945  960  984  994 1005 1014]
sampled_K: (79, 16)
rescaling_coefficients: (79,)
SK: (79, 16)
Sb: (79,)
KtStSb: (16, 1)
time: 0.013239852999999968
loss: 0.6093010196582972
